mean_fit_time,std_fit_time,mean_score_time,std_score_time,param_gamma,param_learning_rate,param_max_depth,param_n_estimators,param_subsample,params,split0_test_r2,split1_test_r2,split2_test_r2,split3_test_r2,split4_test_r2,mean_test_r2,std_test_r2,rank_test_r2,split0_test_neg_root_mean_squared_error,split1_test_neg_root_mean_squared_error,split2_test_neg_root_mean_squared_error,split3_test_neg_root_mean_squared_error,split4_test_neg_root_mean_squared_error,mean_test_neg_root_mean_squared_error,std_test_neg_root_mean_squared_error,rank_test_neg_root_mean_squared_error
0.08009004592895508,0.003783537044389655,0.006353425979614258,0.0008628372449049103,0.1,0.01,3,200,0.8,"{'gamma': 0.1, 'learning_rate': 0.01, 'max_depth': 3, 'n_estimators': 200, 'subsample': 0.8}",0.27623302887513,0.2835352752446759,0.18462383789912484,0.17632822273701054,0.2357024053310196,0.23128455401739217,0.04464849705758507,1,-0.8394713303856479,-0.8037053189111557,-0.8263189866841597,-0.8638804565372963,-1.0138690388349005,-0.869449026270632,0.07479204051315919,1
0.08144054412841797,0.0015518572429461645,0.006728363037109375,0.00017588999380574428,0.01,0.01,3,200,0.8,"{'gamma': 0.01, 'learning_rate': 0.01, 'max_depth': 3, 'n_estimators': 200, 'subsample': 0.8}",0.27633915788348185,0.2835256019911241,0.18384846006618083,0.17634017050639017,0.23566338092132444,0.2311433542737003,0.04482674904539197,2,-0.8394097805155785,-0.8037107444532801,-0.8267117852521851,-0.8638741910064254,-1.013894922166204,-0.8695202846787347,0.07476097911637156,2
0.07602629661560059,0.007980314362336963,0.006645488739013672,0.0009476893427816548,0.01,0.01,3,200,1.0,"{'gamma': 0.01, 'learning_rate': 0.01, 'max_depth': 3, 'n_estimators': 200, 'subsample': 1.0}",0.28507160318393465,0.2590868209750715,0.18063070498479517,0.18754267633788024,0.22792852941864894,0.22805206698006614,0.04025964488082726,3,-0.8343298126943082,-0.8173030057076036,-0.8283398770306355,-0.8579793501695977,-1.019012160921272,-0.8713928413046833,0.07499909520250306,3
0.07937068939208984,0.00188424058936661,0.006392526626586914,0.0005366745846391737,0.1,0.01,3,200,1.0,"{'gamma': 0.1, 'learning_rate': 0.01, 'max_depth': 3, 'n_estimators': 200, 'subsample': 1.0}",0.28326214266318617,0.2590868209750715,0.18208404945558476,0.18754267633788024,0.22792852941864894,0.22798084377007433,0.039409053973927015,4,-0.8353849762805661,-0.8173030057076036,-0.8276049230268375,-0.8579793501695977,-1.019012160921272,-0.8714568832211753,0.07498136196053214,4
0.1434544563293457,0.008403455797174688,0.006816768646240234,0.0004539097941343816,0.01,0.01,3,400,1.0,"{'gamma': 0.01, 'learning_rate': 0.01, 'max_depth': 3, 'n_estimators': 400, 'subsample': 1.0}",0.2883239230318655,0.28434901350248154,0.17010658994223826,0.14948975454057678,0.22300093979292057,0.22305404416201652,0.056977839183440265,5,-0.8324299018065012,-0.8032487775429921,-0.8336425715279402,-0.8778419506885419,-1.022258808151233,-0.8738844019434417,0.07792034206908932,5
0.14609622955322266,0.0016477711885481108,0.007255697250366211,0.0002107993261200928,0.1,0.01,3,400,1.0,"{'gamma': 0.1, 'learning_rate': 0.01, 'max_depth': 3, 'n_estimators': 400, 'subsample': 1.0}",0.2868231344656367,0.28230247180477586,0.17174120328320275,0.1474684342870901,0.22140684166265456,0.22194841710067198,0.05642635259449188,6,-0.8333071571888929,-0.8043964798280372,-0.8328211678861758,-0.8788844699975858,-1.023306908450709,-0.8745432366702801,0.07811682164361634,6
0.07865934371948242,0.003568544950162756,0.006463193893432617,0.000720651438564918,0.1,0.01,3,200,0.5,"{'gamma': 0.1, 'learning_rate': 0.01, 'max_depth': 3, 'n_estimators': 200, 'subsample': 0.5}",0.2576804995165157,0.2778054412227079,0.16654623676879254,0.172115380385646,0.21926853279605196,0.21868321813794284,0.04450482254737048,7,-0.8501624581307945,-0.8069126837579905,-0.8354288764944224,-0.8660868878660152,-1.0247111372858149,-0.8766604087070075,0.0765476888541923,7
0.07376265525817871,0.011055027713507854,0.006817007064819336,0.0007449744688825968,0.01,0.01,3,200,0.5,"{'gamma': 0.01, 'learning_rate': 0.01, 'max_depth': 3, 'n_estimators': 200, 'subsample': 0.5}",0.25776862822882307,0.27645933242490384,0.16607117524462478,0.17209437890217893,0.21931907357771296,0.21834251767564875,0.044281191472072434,8,-0.8501119906794341,-0.8076643417276405,-0.8356669362371765,-0.8660978730888791,-1.024677969325888,-0.8768438222118036,0.07637583092995111,8
0.148353910446167,0.0011422875984432466,0.007038402557373047,8.488215741636794e-05,0.1,0.01,3,400,0.8,"{'gamma': 0.1, 'learning_rate': 0.01, 'max_depth': 3, 'n_estimators': 400, 'subsample': 0.8}",0.26275810843306946,0.27885269003203694,0.1633456804438106,0.13855781653335109,0.2331111055499403,0.21532508019844165,0.05513086766224151,9,-0.8472498310515769,-0.8063274225529229,-0.8370314099824894,-0.8834655592867272,-1.0155863120113489,-0.8779321069770131,0.07310376072429492,9
0.1506214141845703,0.0029375105722780574,0.0071297168731689455,0.00014474119978077603,0.01,0.01,3,400,0.8,"{'gamma': 0.01, 'learning_rate': 0.01, 'max_depth': 3, 'n_estimators': 400, 'subsample': 0.8}",0.262517930437408,0.28089322926575044,0.16195462889111545,0.1390887883758355,0.23164605355378431,0.21522012610477875,0.055593243553252944,10,-0.847387827954638,-0.8051858331215537,-0.8377269602492391,-0.8831932440624484,-1.0165559288839978,-0.8780099588543754,0.07360114187050247,10
0.14558067321777343,0.006292068017455983,0.007184362411499024,0.00023730689272363664,0.1,0.01,3,400,0.5,"{'gamma': 0.1, 'learning_rate': 0.01, 'max_depth': 3, 'n_estimators': 400, 'subsample': 0.5}",0.2487183248864322,0.28542211449484456,0.1568774302327458,0.14367564842062386,0.2267556093391162,0.21228982547475256,0.05415360562102433,11,-0.8552791530593717,-0.8026463257587882,-0.8402607631599431,-0.8808373134354529,-1.0197859016140502,-0.8797618914055212,0.0744505662060886,11
0.13925228118896485,0.006004830270411654,0.007282924652099609,0.0001973499559746367,0.01,0.01,3,400,0.5,"{'gamma': 0.01, 'learning_rate': 0.01, 'max_depth': 3, 'n_estimators': 400, 'subsample': 0.5}",0.24934126341737528,0.28260619765710937,0.15492806155061056,0.1399949527180061,0.22474301544700048,0.21032269815802035,0.05471719259792233,12,-0.8549244945837771,-0.8042262536180834,-0.8412315783078369,-0.8827283128815695,-1.0211121841806263,-0.8808445647143784,0.07455193880879867,12
0.04741973876953125,0.00042864516146100967,0.006683206558227539,0.00010072439775610474,0.01,0.01,3,100,0.8,"{'gamma': 0.01, 'learning_rate': 0.01, 'max_depth': 3, 'n_estimators': 100, 'subsample': 0.8}",0.24263076906966297,0.25390191647881244,0.17222602462491488,0.18423312080143683,0.1903813705089501,0.20867464029675542,0.033042573662635154,13,-0.8587372801645258,-0.8201577599739225,-0.8325773862435639,-0.8597250692275086,-1.0434961737028154,-0.8829387338624674,0.08170800706338532,13
0.04861383438110352,0.0026459896467034712,0.006684303283691406,0.00015455990780082715,0.1,0.01,3,100,0.8,"{'gamma': 0.1, 'learning_rate': 0.01, 'max_depth': 3, 'n_estimators': 100, 'subsample': 0.8}",0.2424425091119874,0.2539085158683334,0.17228912445651967,0.18423312080143683,0.1903813705089501,0.20865092814944547,0.03299183841481885,14,-0.8588440020858213,-0.8201541327346794,-0.8325456526449946,-0.8597250692275086,-1.0434961737028154,-0.8829530060791638,0.08170616814922266,14
0.04010272026062012,0.007081612646638684,0.006147003173828125,0.0008399188645207568,0.01,0.01,3,100,1.0,"{'gamma': 0.01, 'learning_rate': 0.01, 'max_depth': 3, 'n_estimators': 100, 'subsample': 1.0}",0.25305658302121636,0.23502533241498924,0.17681657474498935,0.19139013402693583,0.18114489806451672,0.2074867044545295,0.03075268138665837,15,-0.8528061833176661,-0.8304681152351702,-0.8302655825769577,-0.855945423883548,-1.0494316164930195,-0.8837833843012722,0.08352310921684182,15
0.04667820930480957,0.0010088546269824484,0.006500720977783203,0.0008957995908502992,0.1,0.01,3,100,1.0,"{'gamma': 0.1, 'learning_rate': 0.01, 'max_depth': 3, 'n_estimators': 100, 'subsample': 1.0}",0.25096967231325573,0.23502533241498924,0.17681657474498935,0.19139013402693583,0.18114489806451672,0.2070693223129374,0.030139411687378544,16,-0.85399669449734,-0.8304681152351702,-0.8302655825769577,-0.855945423883548,-1.0494316164930195,-0.884021486537207,0.08343611365777484,16
0.04589147567749023,0.0009138035241473714,0.0066431999206542965,0.00034397234656862287,0.1,0.01,3,100,0.5,"{'gamma': 0.1, 'learning_rate': 0.01, 'max_depth': 3, 'n_estimators': 100, 'subsample': 0.5}",0.2288684628213873,0.24830626216826002,0.16128989288311568,0.17221488279756758,0.1827221525237923,0.19868033063882456,0.03384430415472897,17,-0.8665042975803623,-0.8232275618369105,-0.8380591361145315,-0.8660348393547923,-1.0484204372741666,-0.8884492544321526,0.08169185967207786,17
0.04761075973510742,0.00666021670427736,0.006775522232055664,0.0007121944177830581,0.01,0.01,3,100,0.5,"{'gamma': 0.01, 'learning_rate': 0.01, 'max_depth': 3, 'n_estimators': 100, 'subsample': 0.5}",0.2289894905128833,0.24790777505872585,0.16114909091267815,0.17222883311275927,0.1827221525237923,0.19859946842416779,0.0337783744084908,18,-0.8664362967757635,-0.8234457371993101,-0.8381294795053353,-0.8660275418631932,-1.0484204372741666,-0.8884918985235538,0.0816524472969591,18
0.21113696098327636,0.006270039044573366,0.00772247314453125,0.0003061728134824009,0.1,0.01,6,200,0.5,"{'gamma': 0.1, 'learning_rate': 0.01, 'max_depth': 6, 'n_estimators': 200, 'subsample': 0.5}",0.22813441545615176,0.2882848080069673,0.14118081988731457,0.1471413741191243,0.1826998591569834,0.19748825532530828,0.054967687787760074,19,-0.8669166162777665,-0.801036958641457,-0.8480463594077766,-0.8790530388521033,-1.0484347363660018,-0.888697541909021,0.0841668497106972,19
0.23974313735961914,0.006037902148543529,0.007447385787963867,0.00022676585530275874,0.1,0.01,6,200,0.8,"{'gamma': 0.1, 'learning_rate': 0.01, 'max_depth': 6, 'n_estimators': 200, 'subsample': 0.8}",0.23953985084174967,0.25743927743817874,0.14943622510153498,0.1447171448192296,0.18835666109271898,0.1958978318586824,0.04588461230029116,20,-0.8604878028932467,-0.8182112056079729,-0.8439605913791198,-0.8803014954366079,-1.044800156333111,-0.8895522503300117,0.08025007777837462,20
0.2508699417114258,0.00321550704365183,0.0077053546905517575,8.672887998794491e-05,0.01,0.01,6,200,0.8,"{'gamma': 0.01, 'learning_rate': 0.01, 'max_depth': 6, 'n_estimators': 200, 'subsample': 0.8}",0.24367726882507046,0.2535869412962206,0.1485294975931164,0.1447359732821526,0.18788985862465435,0.1956839079242429,0.045904469557307426,21,-0.8581437922284071,-0.8203308619342228,-0.8444103157104398,-0.8802918057677522,-1.0451005624124585,-0.8896554676106561,0.08012099109361098,21
0.2228322982788086,0.00571460347679829,0.00766606330871582,0.0004292986518181055,0.01,0.01,6,200,0.5,"{'gamma': 0.01, 'learning_rate': 0.01, 'max_depth': 6, 'n_estimators': 200, 'subsample': 0.5}",0.2277966538732199,0.28676343129002546,0.13528009623630455,0.14846555157819974,0.17701206056918117,0.19506355870938616,0.05577027055570801,22,-0.8671062730707111,-0.8018926579569742,-0.8509547255004732,-0.8783703498575173,-1.052076572612402,-0.8900801157996157,0.08510651205971961,22
0.12906994819641113,0.004023354037328106,0.006975126266479492,0.0002819488319474631,0.1,0.01,6,100,0.8,"{'gamma': 0.1, 'learning_rate': 0.01, 'max_depth': 6, 'n_estimators': 100, 'subsample': 0.8}",0.2137068724823199,0.24626067821589515,0.1657358755011279,0.16898252383400736,0.1562974362141636,0.1901966772495028,0.03433200009998346,23,-0.8749812133833518,-0.8243469252869551,-0.8358349186486562,-0.8677240507266745,-1.0652346847882685,-0.893624358566781,0.087872042200326,23
0.13102192878723146,0.007167616979271265,0.006883049011230468,0.00016528393402864206,0.01,0.01,6,100,0.8,"{'gamma': 0.01, 'learning_rate': 0.01, 'max_depth': 6, 'n_estimators': 100, 'subsample': 0.8}",0.21474444341138432,0.2435718705093053,0.16651506547604145,0.16617166806368422,0.15601690546219205,0.18940399058452145,0.03392532658742061,24,-0.8744037221579711,-0.8258159591326377,-0.8354444989294916,-0.8691903184232324,-1.0654117651147965,-0.894053252751626,0.08770327654120504,24
0.3990144729614258,0.009813888925845995,0.008114051818847657,0.0002373063561635699,0.1,0.01,9,200,0.5,"{'gamma': 0.1, 'learning_rate': 0.01, 'max_depth': 9, 'n_estimators': 200, 'subsample': 0.5}",0.20042657870178582,0.28639932274250757,0.14392804060481834,0.1447562503377694,0.16632389361135502,0.18836681719964724,0.05313828540342288,25,-0.8823393807324701,-0.8020973156608173,-0.8466888928387636,-0.8802813704921263,-1.0588862083640822,-0.8940586336176519,0.0874025853233461,25
0.4636544227600098,0.016363054735737934,0.00818495750427246,0.0002872038694691528,0.01,0.01,9,200,0.5,"{'gamma': 0.01, 'learning_rate': 0.01, 'max_depth': 9, 'n_estimators': 200, 'subsample': 0.5}",0.20109300610097447,0.2828490454669921,0.13662377566192196,0.1470483372932998,0.16420612331348183,0.18636405756733404,0.05298507406807656,26,-0.8819715985509688,-0.8040901211934421,-0.8502933235362833,-0.8791009847083566,-1.0602302887687203,-0.8951372633515543,0.08716279600502934,26
0.11797566413879394,0.001622520748099063,0.006439495086669922,0.0007264619879850191,0.1,0.01,6,100,0.5,"{'gamma': 0.1, 'learning_rate': 0.01, 'max_depth': 6, 'n_estimators': 100, 'subsample': 0.5}",0.20549275903605646,0.2603231964186066,0.15020826919038377,0.1607564328038158,0.1414263299436832,0.18364139747850916,0.04422937461206141,27,-0.8795396417964578,-0.816620796709225,-0.8435774791843872,-0.8720081962116932,-1.0745815938875085,-0.8972655415578543,0.0914101814276471,28
0.5932833671569824,0.018587442505358577,0.00859065055847168,0.00031782065477677627,0.01,0.01,9,200,0.8,"{'gamma': 0.01, 'learning_rate': 0.01, 'max_depth': 9, 'n_estimators': 200, 'subsample': 0.8}",0.2172086623475411,0.2434507328876765,0.13646405392623195,0.15716584162759528,0.1631475006459745,0.18348735828700385,0.0401259413401317,28,-0.8730306562250045,-0.8258820813275364,-0.850371970620323,-0.8738715903944575,-1.060901524026461,-0.8968115645187564,0.08391056702294944,27
0.12336339950561523,0.003146697291985727,0.006919145584106445,0.00013415743746456965,0.01,0.01,6,100,0.5,"{'gamma': 0.01, 'learning_rate': 0.01, 'max_depth': 6, 'n_estimators': 100, 'subsample': 0.5}",0.2058578981239797,0.25783203704085234,0.14791395741852187,0.16022361666134177,0.13939806742433414,0.18224511533380597,0.044204955754723184,29,-0.8793375094599056,-0.8179947904358247,-0.8447154787011837,-0.8722849611109222,-1.0758501209532416,-0.8980365721322154,0.09152080023814904,31
0.5051532745361328,0.012176608763133144,0.008449125289916991,0.00041847000256193997,0.1,0.01,9,200,0.8,"{'gamma': 0.1, 'learning_rate': 0.01, 'max_depth': 9, 'n_estimators': 200, 'subsample': 0.8}",0.21251918952033477,0.23898453820265164,0.13170492603662176,0.1584242624536747,0.168974667102324,0.18212151666312137,0.038558147918645355,30,-0.8756417864668234,-0.8283162403485166,-0.8527120401254117,-0.8732189655634176,-1.057201440012785,-0.8974180945033907,0.08168747820935553,30
0.04454636573791504,0.0009822756803908772,0.006935596466064453,0.00038587388185327645,0.01,0.1,3,100,1.0,"{'gamma': 0.01, 'learning_rate': 0.1, 'max_depth': 3, 'n_estimators': 100, 'subsample': 1.0}",0.25217413241457154,0.24512532015110422,0.11276140699973647,0.08145077794394595,0.20533676887897578,0.17936968127766678,0.0697471943806437,31,-0.8533097938834624,-0.8249675488370125,-0.8619636247914482,-0.9122792005354546,-1.0338134400891859,-0.8972667216273127,0.0738594223843047,29
0.30726351737976076,0.010454938765725806,0.007465887069702149,0.0001887250993404428,0.01,0.01,9,100,0.8,"{'gamma': 0.01, 'learning_rate': 0.01, 'max_depth': 9, 'n_estimators': 100, 'subsample': 0.8}",0.19832943725701635,0.22644043520045887,0.16488671862120685,0.1685820064336062,0.13397165711348002,0.17844205092515367,0.0314894790848108,32,-0.8834957340517585,-0.8351150614569233,-0.8362601883182974,-0.8679331297931024,-1.0792366055632794,-0.9004081438366722,0.09132187215470736,33
0.27339491844177244,0.009195985347968236,0.0075496196746826175,0.0003635292349141189,0.1,0.01,9,100,0.8,"{'gamma': 0.1, 'learning_rate': 0.01, 'max_depth': 9, 'n_estimators': 100, 'subsample': 0.8}",0.19455314125321632,0.2291990586870022,0.15987910052764742,0.1649569796385758,0.13858644603378267,0.17743494522804487,0.03145049848695896,33,-0.8855741574119567,-0.8336246619524811,-0.8387636886367895,-0.8698231892121303,-1.076357310841837,-0.900828601611039,0.08985853811209214,34
0.3926201343536377,0.006817501997672373,0.008676815032958984,0.0003344201263475618,0.1,0.01,6,400,0.5,"{'gamma': 0.1, 'learning_rate': 0.01, 'max_depth': 6, 'n_estimators': 400, 'subsample': 0.5}",0.19500312204299286,0.289841963723383,0.12508004452935673,0.08759170392397397,0.18086250892148692,0.1756758686282387,0.06892473970825895,34,-0.8853267500091617,-0.8001601877776183,-0.855958852158903,-0.9092245825962616,-1.0496125536020477,-0.9000565852287984,0.08317680948800056,32
0.21383676528930665,0.005219178103748552,0.007338523864746094,0.0002019799688273028,0.1,0.01,9,100,0.5,"{'gamma': 0.1, 'learning_rate': 0.01, 'max_depth': 9, 'n_estimators': 100, 'subsample': 0.5}",0.19168570148127284,0.24906944362824346,0.14911120631897057,0.15557376058706962,0.13239239693080163,0.17556650178927163,0.0415357839632845,35,-0.887149105841918,-0.8228095514622695,-0.8441218237597851,-0.8746965557693602,-1.080220187163681,-0.9017994447994028,0.09203181140167303,36
0.25186681747436523,0.0038784355794352914,0.0074577808380126955,0.0001839381274729834,0.1,0.01,6,200,1.0,"{'gamma': 0.1, 'learning_rate': 0.01, 'max_depth': 6, 'n_estimators': 200, 'subsample': 1.0}",0.20756677337303864,0.15337065496424462,0.17260688772725685,0.16741922004481613,0.1762693500478213,0.1754465772314355,0.017845069902419585,36,-0.878390898420392,-0.8736673278208835,-0.8323858276184428,-0.8685398452001223,-1.0525511920385517,-0.9011070182196784,0.07744355271775104,35
0.24502959251403808,0.008517021794362072,0.0074675559997558595,0.00010087956370641913,0.01,0.01,9,100,0.5,"{'gamma': 0.01, 'learning_rate': 0.01, 'max_depth': 9, 'n_estimators': 100, 'subsample': 0.5}",0.18609424444028644,0.24592416709141218,0.14788847189691112,0.15640408894333457,0.12949251937181638,0.17316069834875214,0.04071407187134802,37,-0.8902122133885507,-0.8245309218941229,-0.8447281111423578,-0.8742664033491289,-1.0820239364186233,-0.9031523172385567,0.09229475621166354,40
0.2556652069091797,0.013971511875911682,0.0075111865997314455,0.00010784517544370788,0.01,0.01,6,200,1.0,"{'gamma': 0.01, 'learning_rate': 0.01, 'max_depth': 6, 'n_estimators': 200, 'subsample': 1.0}",0.21321977566982853,0.13762290071292538,0.16890406754638054,0.16145651196128574,0.18192876190518115,0.17262640355912026,0.024892662394045532,38,-0.8752521902998076,-0.8817552288191574,-0.8342463303750997,-0.8716444149736978,-1.0489292025404862,-0.9023654734016497,0.0751330021748076,37
0.41388978958129885,0.003290846900066404,0.008781003952026366,0.00025209088542220876,0.01,0.01,6,400,0.5,"{'gamma': 0.01, 'learning_rate': 0.01, 'max_depth': 6, 'n_estimators': 400, 'subsample': 0.5}",0.1970988868389505,0.2837458221227065,0.11203585976671249,0.09194853207764697,0.17267456940168446,0.17150073404154018,0.06800033415251162,39,-0.8841735493616643,-0.803587218135434,-0.8623159919700599,-0.907051172112124,-1.0548453713359787,-0.9023946605830522,0.0836231087244004,38
0.4337911605834961,0.01760074358289983,0.008464527130126954,0.00032130791512022163,0.1,0.01,6,400,0.8,"{'gamma': 0.1, 'learning_rate': 0.01, 'max_depth': 6, 'n_estimators': 400, 'subsample': 0.8}",0.20987006316555568,0.24292345946360805,0.10513043935941191,0.10447724523381074,0.18225226143078688,0.16893069373063466,0.05577301318289846,40,-0.877113402087014,-0.8261698285003377,-0.8656624797973623,-0.9007719819634582,-1.0487217868312104,-0.9036878958358766,0.07642580563828595,41
0.044412851333618164,0.0008249185677325553,0.006571912765502929,0.00011066471038654837,0.1,0.1,3,100,1.0,"{'gamma': 0.1, 'learning_rate': 0.1, 'max_depth': 3, 'n_estimators': 100, 'subsample': 1.0}",0.24958894587712033,0.21698129447245762,0.09094410559558674,0.08151685735222347,0.20479375613715067,0.16876499188690777,0.0690271287972808,41,-0.8547834402929438,-0.8402054701050512,-0.8724971563412007,-0.9122463857703242,-1.0341665947220537,-0.9027798094463148,0.06998334357170766,39
0.4627854347229004,0.007105976861392348,0.008565998077392578,0.0002236610574127972,0.01,0.01,6,400,0.8,"{'gamma': 0.01, 'learning_rate': 0.01, 'max_depth': 6, 'n_estimators': 400, 'subsample': 0.8}",0.2074534252868343,0.244319860781945,0.10473741394714198,0.10181643926047468,0.1838261428277682,0.16843065642083282,0.056591963908205,42,-0.8784537178251238,-0.8254075561007704,-0.8658525577815362,-0.9021091907336705,-1.0477120875136885,-0.903907021990958,0.07608062585375575,42
0.132761812210083,0.004022080694850472,0.006441783905029297,0.0007802355210403337,0.1,0.01,6,100,1.0,"{'gamma': 0.1, 'learning_rate': 0.01, 'max_depth': 6, 'n_estimators': 100, 'subsample': 1.0}",0.19054603135664439,0.16510536867632908,0.20426583347979932,0.15053568846009802,0.12998495559562995,0.16808757551370015,0.026765726329376096,43,-0.8877742965652308,-0.8675914637562904,-0.816305512876244,-0.877302011790582,-1.081717848781144,-0.9061382267538983,0.09116220084753723,43
0.15668668746948242,0.019100798123519638,0.0070228099822998045,0.0003210515018317349,0.01,0.01,6,100,1.0,"{'gamma': 0.01, 'learning_rate': 0.01, 'max_depth': 6, 'n_estimators': 100, 'subsample': 1.0}",0.19245459937034992,0.1565059087756352,0.2054632096430401,0.14522959053605056,0.1317073454507508,0.1662721307551653,0.02812242628560893,44,-0.886727061242909,-0.872048136685221,-0.8156911162758596,-0.8800377380615424,-1.0806465667955552,-0.9070301238122174,0.09038808133097333,45
0.6961399555206299,0.008407688925402286,0.009588861465454101,0.00027588887303470585,0.1,0.01,9,400,0.5,"{'gamma': 0.1, 'learning_rate': 0.01, 'max_depth': 9, 'n_estimators': 400, 'subsample': 0.5}",0.17422840156925823,0.29500149695670186,0.09683761284622927,0.0847502394394154,0.16640059657052653,0.16344366947642625,0.07491533694284351,45,-0.8966778862552754,-0.7972481746210207,-0.8696643109573465,-0.9106392568490563,-1.0588374954567312,-0.9066134248278861,0.08557229095640073,44
0.8317189693450928,0.009551789091950279,0.010021400451660157,0.00014422983312168105,0.01,0.01,9,400,0.5,"{'gamma': 0.01, 'learning_rate': 0.01, 'max_depth': 9, 'n_estimators': 400, 'subsample': 0.5}",0.17196940829650653,0.28342544172112927,0.0925629887615037,0.08134733669557714,0.17061954132654844,0.159984943360253,0.0724208144847303,46,-0.897903531397428,-0.8037669202721172,-0.8717199212040698,-0.912330566668311,-1.056154645963118,-0.9083751171010087,0.08276541194142509,46
0.8209833145141602,0.00695600376311664,0.009768915176391602,0.00019040230130385646,0.1,0.01,9,400,0.8,"{'gamma': 0.1, 'learning_rate': 0.01, 'max_depth': 9, 'n_estimators': 400, 'subsample': 0.8}",0.19541182215200859,0.22455666143294994,0.08123140509170279,0.11282032771023898,0.1848963597379123,0.15978331522496253,0.05379882279647308,47,-0.8851019795244277,-0.8361312800754963,-0.8771458187998862,-0.896566169955245,-1.0470249502103075,-0.9083940397130725,0.07224860643197123,47
1.0508882045745849,0.02113014211682021,0.010086488723754884,0.00029907234165132295,0.01,0.01,9,400,0.8,"{'gamma': 0.01, 'learning_rate': 0.01, 'max_depth': 9, 'n_estimators': 400, 'subsample': 0.8}",0.19849218818901693,0.23311222264966536,0.07137739678260457,0.11273136845960119,0.17923950319126924,0.15899053585443146,0.05878843147222716,48,-0.8834060481761514,-0.8315059172916258,-0.8818370707982517,-0.8966111190550996,-1.0506518688681616,-0.908802404837858,0.07431924253282225,48
0.4745788097381592,0.025543373479240062,0.009925127029418945,0.0032481048799770933,0.1,0.01,6,400,1.0,"{'gamma': 0.1, 'learning_rate': 0.01, 'max_depth': 6, 'n_estimators': 400, 'subsample': 1.0}",0.16428603504307182,0.10301723645400884,0.12137800385552155,0.14388108979038539,0.19068523935992088,0.1446495209005817,0.030920158996763748,49,-0.9020597775072474,-0.8992728566061481,-0.8577678459510543,-0.8807316459516525,-1.0433003310370346,-0.9166264914106275,0.06528763974356294,49
0.04501562118530274,0.0006246160428466043,0.0068778514862060545,0.00020142255171010987,0.1,0.1,3,100,0.8,"{'gamma': 0.1, 'learning_rate': 0.1, 'max_depth': 3, 'n_estimators': 100, 'subsample': 0.8}",0.16409924162851586,0.22803912835487206,0.1002920079968983,0.038942039281709695,0.1843778316195076,0.1431500497763007,0.06639408933526633,50,-0.9021605831767991,-0.8342516610765441,-0.8679995813955607,-0.9331497556586795,-1.0473579296835043,-0.9169839021982176,0.07310614208554912,50
0.47263073921203613,0.013235602469164373,0.008571815490722657,0.00012853148916262122,0.01,0.01,6,400,1.0,"{'gamma': 0.01, 'learning_rate': 0.01, 'max_depth': 6, 'n_estimators': 400, 'subsample': 1.0}",0.16130190922139076,0.08911406719970538,0.12564166300820312,0.1361116065975536,0.192417233586205,0.14091729592261157,0.034663497098928846,51,-0.9036688574547013,-0.9062153906224425,-0.8556840844643319,-0.8847190445544069,-1.0421833626787322,-0.9184941479549229,0.06442893859818916,51
0.04470109939575195,0.0004361131377327814,0.006865930557250976,0.0002614754024745363,0.01,0.1,3,100,0.5,"{'gamma': 0.01, 'learning_rate': 0.1, 'max_depth': 3, 'n_estimators': 100, 'subsample': 0.5}",0.17250859804308905,0.19770574369705518,0.08224812360557676,0.03986167914924332,0.18861052140862244,0.13618693318071734,0.06330878253610593,52,-0.8976111392909942,-0.8504842544746337,-0.876660355291193,-0.9327031815988573,-1.0446367507904664,-0.9204191362892289,0.0676857988908663,52
0.04426364898681641,0.00025624163207598356,0.006673669815063477,0.00029280603380363714,0.01,0.1,3,100,0.8,"{'gamma': 0.01, 'learning_rate': 0.1, 'max_depth': 3, 'n_estimators': 100, 'subsample': 0.8}",0.1688376405919213,0.22079129977180345,0.09119956701519161,0.029989261106798448,0.16678791057274744,0.13552113581169245,0.06702235387663756,53,-0.8995999490320161,-0.8381588453879057,-0.8723745538561748,-0.9374860792895705,-1.0585914838630437,-0.9212421822857422,0.07601048226693716,53
0.119358491897583,0.007511420943613844,0.007288837432861328,9.706437037066605e-05,0.1,0.1,9,100,0.8,"{'gamma': 0.1, 'learning_rate': 0.1, 'max_depth': 9, 'n_estimators': 100, 'subsample': 0.8}",0.17154958200163406,0.22607177586086602,0.006143127338960053,0.07382172444380641,0.15591226249093526,0.12669969442724036,0.0775495489276925,54,-0.8981311291135131,-0.8353140353360063,-0.9122852417261157,-0.916059855438115,-1.065477811696705,-0.9254536146620911,0.07581567976475989,54
0.11227226257324219,0.003942990804655452,0.007149744033813477,0.00022028309902604595,0.01,0.1,6,100,1.0,"{'gamma': 0.01, 'learning_rate': 0.1, 'max_depth': 6, 'n_estimators': 100, 'subsample': 1.0}",0.1570642418363265,0.08275837330145208,0.1368026023740655,0.06278694276328967,0.19059621867780263,0.12600167579058727,0.04715948192483725,55,-0.9059489526586981,-0.9093714474844031,-0.8502052605172095,-0.9215008109144979,-1.043357708436918,-0.9260768360023454,0.06358685509544669,55
0.1298062801361084,0.0012898467428783947,0.006891489028930664,0.00022234559286355075,0.1,0.1,9,200,0.8,"{'gamma': 0.1, 'learning_rate': 0.1, 'max_depth': 9, 'n_estimators': 200, 'subsample': 0.8}",0.17079980178245335,0.22486892370332467,0.004908003136430916,0.07131999546241397,0.1547714337202598,0.12533363156097654,0.07779567607325573,56,-0.8985374592001019,-0.8359629128145506,-0.9128519408904474,-0.917296220006298,-1.0661975930968324,-0.9261692252016459,0.07584816066966155,56
0.11308426856994629,0.002308935683025041,0.006980991363525391,0.00015877600510198604,0.01,0.1,6,100,0.8,"{'gamma': 0.01, 'learning_rate': 0.1, 'max_depth': 6, 'n_estimators': 100, 'subsample': 0.8}",0.1624504708238198,0.1795561472938747,0.07983696400926787,0.05917280111504053,0.14400976750688999,0.12500523014977857,0.04714488737776469,57,-0.9030498773040373,-0.8600503339315654,-0.8778112009372352,-0.9232758768136501,-1.0729636745274203,-0.9274301927027817,0.07588641797226929,58
0.16390223503112794,0.005877354731013099,0.00669703483581543,0.0007081800894280064,0.1,0.1,9,400,0.8,"{'gamma': 0.1, 'learning_rate': 0.1, 'max_depth': 9, 'n_estimators': 400, 'subsample': 0.8}",0.16823700213954018,0.2234050020504449,0.0025731630063136057,0.07126568549731771,0.15291729256594488,0.12367962905191225,0.0777165980739305,58,-0.8999249377254447,-0.8367519451331877,-0.9139222512644828,-0.9173230417302046,-1.0673663881144946,-0.927057712793563,0.07595412786180236,57
0.08583927154541016,0.0018566434780648757,0.006773757934570313,0.000287612837476172,0.1,0.1,6,200,1.0,"{'gamma': 0.1, 'learning_rate': 0.1, 'max_depth': 6, 'n_estimators': 200, 'subsample': 1.0}",0.1668871059507563,0.10449045674700397,0.09045375710429293,0.11409363542185613,0.13700826108689623,0.12258664326216111,0.026842651048313706,59,-0.9006549009236267,-0.8985340623382168,-0.8727324388961333,-0.8959225491844889,-1.077342850001257,-0.9290373602687444,0.0748296309650636,65
0.11883306503295898,0.0037684082032922823,0.006989479064941406,0.00014817917048268666,0.1,0.1,6,400,1.0,"{'gamma': 0.1, 'learning_rate': 0.1, 'max_depth': 6, 'n_estimators': 400, 'subsample': 1.0}",0.1668870876130928,0.10449044141808017,0.09045374019808428,0.11409361031272736,0.13700828001044907,0.12258663191048673,0.026842654732258373,60,-0.9006549108357925,-0.8985340700285648,-0.872732447007099,-0.895922561880997,-1.077342838189351,-0.9290373655883609,0.07482962255980273,66
0.07095823287963868,0.0005472462649639059,0.006805562973022461,0.0002806740878662683,0.1,0.1,6,100,1.0,"{'gamma': 0.1, 'learning_rate': 0.1, 'max_depth': 6, 'n_estimators': 100, 'subsample': 1.0}",0.1668876688706189,0.10449055148215314,0.09045342992315919,0.11409342315886983,0.13700730631436242,0.1225864759498327,0.026842813256473787,61,-0.9006545966451656,-0.8985340148106603,-0.8727325958653722,-0.8959226565159136,-1.0773434459612365,-0.9290374619596697,0.07482986102831045,67
0.13219709396362306,0.0032831596742561087,0.007092571258544922,0.00019392508202835645,0.01,0.1,6,200,1.0,"{'gamma': 0.01, 'learning_rate': 0.1, 'max_depth': 6, 'n_estimators': 200, 'subsample': 1.0}",0.15706384434524356,0.08101585940360823,0.12957923908660673,0.05814355038138952,0.1850924018460134,0.12217897901257228,0.046956905747679946,62,-0.9059491662613269,-0.9102348189657851,-0.8537551710281307,-0.9237807636930505,-1.0468990316695572,-0.9281237903235701,0.06398256109528964,59
0.16193151473999023,0.0028495458273205326,0.007112360000610352,0.00014930673746811127,0.01,0.1,6,400,1.0,"{'gamma': 0.01, 'learning_rate': 0.1, 'max_depth': 6, 'n_estimators': 400, 'subsample': 1.0}",0.15706382817003006,0.0810158617077007,0.12957923251008363,0.05814352246830079,0.18509242184328778,0.12217897333988059,0.04695691570464878,63,-0.9059491749535162,-0.910234817824707,-0.8537551742534332,-0.923780777381747,-1.0468990188244645,-0.9281237926475736,0.06398255485195135,60
0.04508213996887207,0.0009783209000445178,0.006832790374755859,0.0002731930043303012,0.1,0.1,3,100,0.5,"{'gamma': 0.1, 'learning_rate': 0.1, 'max_depth': 3, 'n_estimators': 100, 'subsample': 0.5}",0.15300971806848773,0.1673479023678066,0.07961829773721174,0.043118419421874665,0.16518119397770015,0.12165510631461618,0.050794818751740425,64,-0.9081251476419476,-0.8664255014606873,-0.8779154956617453,-0.93111999709924,-1.0596116546923489,-0.9286395593111937,0.06931695759859274,61
0.08933577537536622,0.002558395644438142,0.006491422653198242,0.0001291669921839003,0.1,0.1,6,100,0.8,"{'gamma': 0.1, 'learning_rate': 0.1, 'max_depth': 6, 'n_estimators': 100, 'subsample': 0.8}",0.13769673013839956,0.21074777500434438,0.06795576184986774,0.07653588724047489,0.11326882560090912,0.12124099596679913,0.05134914430109574,65,-0.9162975071034373,-0.8435432286726008,-0.8834602006845294,-0.91471661522801,-1.0920602589691322,-0.9300155621315419,0.08523566473794174,71
0.11149377822875976,0.002089166404520021,0.007387685775756836,0.0006067507182396553,0.1,0.1,6,200,0.8,"{'gamma': 0.1, 'learning_rate': 0.1, 'max_depth': 6, 'n_estimators': 200, 'subsample': 0.8}",0.13614945714519755,0.2110825303830728,0.06668972820512153,0.0755050755025215,0.11180079768696816,0.1202455177845763,0.05185661233749344,66,-0.9171192174087562,-0.8433643184504945,-0.8840600170489767,-0.9152269965361187,-1.092963865385995,-0.9305468829660682,0.08550567882807104,72
0.07811613082885742,0.0018019982156430043,0.007273054122924805,0.0003330540328582777,0.01,0.1,3,200,1.0,"{'gamma': 0.01, 'learning_rate': 0.1, 'max_depth': 3, 'n_estimators': 200, 'subsample': 1.0}",0.18290922855822533,0.19854694118940885,0.014816931041546688,0.03259464848385629,0.16694979542548116,0.11916350893970366,0.07877963084606024,67,-0.8919523237053464,-0.8500382754314404,-0.9082955707508764,-0.9362262186430892,-1.058488641949608,-0.929000206096072,0.07050628948657787,64
0.1800837993621826,0.003919601850556029,0.007281684875488281,0.00022593260101993115,0.01,0.1,9,100,0.8,"{'gamma': 0.01, 'learning_rate': 0.1, 'max_depth': 9, 'n_estimators': 100, 'subsample': 0.8}",0.14841936600088323,0.22573241682148726,-0.00294450036034144,0.04915681953041229,0.17516143462026534,0.11910510732254134,0.08385689050227228,68,-0.91058266187307,-0.8354971532866187,-0.9164466271964504,-0.9281774316554505,-1.0532587933973838,-0.9287925334817947,0.07025706654765333,62
0.14573931694030762,0.004640968168675317,0.0070362091064453125,0.0002281930613123501,0.1,0.1,6,400,0.8,"{'gamma': 0.1, 'learning_rate': 0.1, 'max_depth': 6, 'n_estimators': 400, 'subsample': 0.8}",0.13216716616887836,0.2113767602010449,0.07063090727428878,0.07440751458259898,0.10578834952444971,0.11887413955025214,0.051399158516446226,69,-0.9192307146751868,-0.8432070357940439,-0.8821914396663817,-0.91577011440166,-1.0966569024856148,-0.9314112414045773,0.0870651587742978,73
0.199882173538208,0.002063429251179857,0.007101297378540039,0.00028633553216774165,0.01,0.1,9,200,0.8,"{'gamma': 0.01, 'learning_rate': 0.1, 'max_depth': 9, 'n_estimators': 200, 'subsample': 0.8}",0.14666470416062816,0.22455892004111466,-0.004109114049412277,0.05094359124542036,0.17588678984330197,0.11878897824821058,0.08358401090988696,70,-0.9115202961928031,-0.8361300623886473,-0.9169785592371323,-0.9273049318252927,-1.0527955786341274,-0.9289458856556007,0.0698614118076682,63
0.2331087589263916,0.0020661349222837223,0.007459020614624024,0.0002450265957874899,0.01,0.1,9,400,0.8,"{'gamma': 0.01, 'learning_rate': 0.1, 'max_depth': 9, 'n_estimators': 400, 'subsample': 0.8}",0.14768067129915996,0.22408108978438712,-0.0057315328672120636,0.05039239782059368,0.1759848483389428,0.1184814948751743,0.08411361769303105,71,-0.9109775139604694,-0.8363876362545907,-0.91771907776051,-0.927574173034401,-1.05273294244502,-0.9290782686909982,0.06977243370677136,68
0.3561985015869141,0.008681846883021413,0.007608461380004883,0.00035116311138846544,0.01,0.01,9,100,1.0,"{'gamma': 0.01, 'learning_rate': 0.01, 'max_depth': 9, 'n_estimators': 100, 'subsample': 1.0}",0.0776434160825078,0.15154997150955551,0.19161324184902007,0.09198329436398212,0.07881031792658211,0.11832004834632952,0.04557488744418516,72,-0.9476673423589556,-0.8746062377394581,-0.8227697614073995,-0.9070338099495944,-1.1130768415227488,-0.9330307985956313,0.0988712041382855,75
0.07785711288452149,0.011578895373542765,0.006690597534179688,0.00018994654826850666,0.1,0.1,3,200,1.0,"{'gamma': 0.1, 'learning_rate': 0.1, 'max_depth': 3, 'n_estimators': 200, 'subsample': 1.0}",0.18279356037260464,0.20505718868182965,-0.026843318026032126,0.055540218929101104,0.17123767451338034,0.11755706489417672,0.08887208743493058,73,-0.8920154543020788,-0.8465787817454874,-0.92730119035001,-0.925056567449583,-1.0557609991656682,-0.9293425986025655,0.06963808511728672,69
0.1014852523803711,0.003424668302030827,0.0067937374114990234,0.00014310509935866534,0.1,0.1,3,400,1.0,"{'gamma': 0.1, 'learning_rate': 0.1, 'max_depth': 3, 'n_estimators': 400, 'subsample': 1.0}",0.18277607984214872,0.2050569550356689,-0.02684332774965159,0.055549283036514296,0.17123751391598563,0.11755530081613319,0.08886819417967196,74,-0.8920249946208867,-0.8465789061568694,-0.9273011947405162,-0.92505212849285,-1.0557611014582389,-0.9293436650938723,0.06963712469114793,70
0.31689276695251467,0.0016484387430106126,0.007451534271240234,0.00023553747794261137,0.1,0.01,9,100,1.0,"{'gamma': 0.1, 'learning_rate': 0.01, 'max_depth': 9, 'n_estimators': 100, 'subsample': 1.0}",0.09717779778601143,0.14288921823780798,0.16596604204937349,0.08969854149246914,0.08285968154690448,0.1157182562225133,0.032752286151411444,75,-0.9375784224854546,-0.8790587784653131,-0.835719610736326,-0.9081742328708948,-1.110627716702781,-0.9342317522521538,0.09439748921972445,77
0.16504220962524413,0.0042167493020688175,0.00811767578125,0.0007246749086137167,0.01,0.1,6,200,0.8,"{'gamma': 0.01, 'learning_rate': 0.1, 'max_depth': 6, 'n_estimators': 200, 'subsample': 0.8}",0.1516185007348393,0.1718020673010786,0.07477038867269148,0.04041924499349914,0.1381656225082999,0.11535516484208168,0.049566350373013136,76,-0.9088706586013716,-0.8641049782653816,-0.880224572826045,-0.9324323253343695,-1.0766201933849062,-0.9324505456824148,0.07581499528687821,74
0.19830698966979982,0.00328235253124301,0.007556247711181641,0.00016585445151528726,0.01,0.1,6,400,0.8,"{'gamma': 0.01, 'learning_rate': 0.1, 'max_depth': 6, 'n_estimators': 400, 'subsample': 0.8}",0.15045213187862838,0.16852594759785577,0.07214446903634708,0.03858597375664441,0.1393531872616286,0.11381234190622085,0.04976666702311149,77,-0.909495209188789,-0.8658123704135341,-0.8814727826075845,-0.9333226025116996,-1.0758781732368585,-0.9331962275916933,0.07501438638857987,76
0.5726224899291992,0.022047647061806994,0.008359003067016601,7.273531527616017e-05,0.1,0.01,9,200,1.0,"{'gamma': 0.1, 'learning_rate': 0.01, 'max_depth': 9, 'n_estimators': 200, 'subsample': 1.0}",0.1032752187559498,0.11253070626155715,0.1317044085194411,0.07855783355728996,0.1259677971066091,0.11040719284016942,0.018790741609339905,78,-0.9344069810280425,-0.8944912649676737,-0.8527122942401005,-0.9137146697487116,-1.0842123042079463,-0.935907502838495,0.07889972751358507,78
0.6773589611053467,0.029138673634712946,0.008455562591552734,0.00020370751282720013,0.01,0.01,9,200,1.0,"{'gamma': 0.01, 'learning_rate': 0.01, 'max_depth': 9, 'n_estimators': 200, 'subsample': 1.0}",0.05926975710964799,0.11350814077043014,0.17578894186642047,0.07569178319816472,0.11834160254987114,0.10852004509890689,0.04037260013414523,79,-0.9570597271039616,-0.8939985451048722,-0.8307836579364835,-0.9151345738805521,-1.088932070884015,-0.9371817149819769,0.08613328626814847,79
0.10595669746398925,0.0028013470725885116,0.006519508361816406,0.0005587216660364304,0.01,0.1,6,100,0.5,"{'gamma': 0.01, 'learning_rate': 0.1, 'max_depth': 6, 'n_estimators': 100, 'subsample': 0.5}",0.130448295169744,0.2434252236471891,-0.009598927312924,-0.047388392990555195,0.1245283802609729,0.08828291575488537,0.10502223367998162,80,-0.92014060040095,-0.8258960047083106,-0.9194818624237096,-0.9741603181335682,-1.085104714944332,-0.9449567001221741,0.08477567188423439,80
0.07957777976989747,0.0017580560175179665,0.007101631164550782,0.0001915343694236126,0.01,0.1,3,200,0.5,"{'gamma': 0.01, 'learning_rate': 0.1, 'max_depth': 3, 'n_estimators': 200, 'subsample': 0.5}",0.12833141072542353,0.1414472914624625,0.012763977120600734,-0.001815604325004827,0.15731219485264614,0.08760785396722562,0.06784386344760684,81,-0.9212599399851684,-0.8797978928051858,-0.9092414449742856,-0.9527313420387745,-1.0645938894600753,-0.9455249018526979,0.0639604157675875,81
0.8309399127960205,0.008244023285813095,0.00956425666809082,0.00034090590820737233,0.1,0.01,9,400,1.0,"{'gamma': 0.1, 'learning_rate': 0.01, 'max_depth': 9, 'n_estimators': 400, 'subsample': 1.0}",0.09057986015351593,0.0835047877469135,0.07754318144270533,0.04451817911645273,0.12294213866638704,0.08381762942519491,0.02514107535391878,82,-0.9409981561186251,-0.9090013671753081,-0.8789046238927463,-0.9304387104789836,-1.0860873049190811,-0.9490860325169489,0.07171428799849305,85
0.18392105102539064,0.004629507549859492,0.007335281372070313,0.00013122828891099503,0.01,0.1,9,100,0.5,"{'gamma': 0.01, 'learning_rate': 0.1, 'max_depth': 9, 'n_estimators': 100, 'subsample': 0.5}",0.10318174072347819,0.19445069522972236,0.013987378182002241,-0.05922908705309182,0.1584193599022894,0.08216201739688007,0.09327913386585823,83,-0.9344556828436528,-0.8522077899424401,-0.9086778959580626,-0.9796512694346226,-1.0638943014594813,-0.9477773879276519,0.07118829691481428,82
0.29000329971313477,0.01639488467177002,0.007790708541870117,0.00018641208181957266,0.01,0.1,9,400,0.5,"{'gamma': 0.01, 'learning_rate': 0.1, 'max_depth': 9, 'n_estimators': 400, 'subsample': 0.5}",0.08582457485308537,0.19074593605410695,0.015921670942547372,-0.060519367722744466,0.1665402355441945,0.07970260993423794,0.09342278431785599,84,-0.9434551505624934,-0.854165213825716,-0.9077861670426912,-0.9802477600372549,-1.0587488070693742,-0.9488806197075059,0.06891170285701138,83
0.24469213485717772,0.004274606180507498,0.008147335052490235,0.00044936422879144516,0.01,0.1,9,200,0.5,"{'gamma': 0.01, 'learning_rate': 0.1, 'max_depth': 9, 'n_estimators': 200, 'subsample': 0.5}",0.08626635516366832,0.1891542771983422,0.016239195699400688,-0.05887917237798779,0.165645010409725,0.07968513321862969,0.0923486439811823,85,-0.9432271580649082,-0.8550047967520369,-0.9076397011422623,-0.9794894429350852,-1.0593172593243627,-0.948935671643731,0.06881654074984914,84
0.0787318229675293,0.001991812488304198,0.006886053085327149,0.0002611411398159579,0.1,0.1,3,200,0.8,"{'gamma': 0.1, 'learning_rate': 0.1, 'max_depth': 3, 'n_estimators': 200, 'subsample': 0.8}",0.0784411037774666,0.1855480928555827,0.01650096142678459,-0.05646800543345232,0.16697383061036608,0.07819919664734953,0.09093591943457423,86,-0.9472574650384562,-0.8569039769699518,-0.907518937653589,-0.9783736128092305,-1.0584733720693675,-0.949705472908119,0.06789717561285524,86
0.07923235893249511,0.002833764012381804,0.006758689880371094,0.00013545826634587903,0.01,0.1,3,200,0.8,"{'gamma': 0.01, 'learning_rate': 0.1, 'max_depth': 3, 'n_estimators': 200, 'subsample': 0.8}",0.09824069188093587,0.18162007331397323,0.0016352548655509391,-0.05431801610215281,0.16202989135645252,0.07784157906295194,0.09115627684529666,87,-0.9370263536239918,-0.8589678722733187,-0.9143518435292969,-0.9773775750213559,-1.0616097000786349,-0.9498666689053197,0.06772314629177385,87
0.1929704189300537,0.0043380373422360835,0.007513999938964844,0.0002545930444747265,0.01,0.1,6,200,0.5,"{'gamma': 0.01, 'learning_rate': 0.1, 'max_depth': 6, 'n_estimators': 200, 'subsample': 0.5}",0.10881833139898844,0.23192117274413326,-0.038420742563803456,-0.046280098106749934,0.12909298525705482,0.07702632974592463,0.10606279463349742,88,-0.9315144813381211,-0.8321513707979533,-0.9325140928227345,-0.97364477744924,-1.0822722145168084,-0.9504193873849716,0.08073401459078251,88
0.13106946945190429,0.0020995058927654265,0.007134199142456055,0.00026165302334471,0.1,0.1,9,100,0.5,"{'gamma': 0.1, 'learning_rate': 0.1, 'max_depth': 9, 'n_estimators': 100, 'subsample': 0.5}",0.1498319743931461,0.13460551719299607,-0.02957810115838555,-0.01833941420000129,0.14544927794982643,0.07639385083551635,0.08216429178104988,89,-0.9098271077122551,-0.8832964747912355,-0.9285352059729101,-0.9605563183529924,-1.072061098620131,-0.9508552410899048,0.06562110849349959,89
0.24606804847717284,0.003930468552204666,0.007720041275024414,0.00035612724180951764,0.01,0.1,6,400,0.5,"{'gamma': 0.01, 'learning_rate': 0.1, 'max_depth': 6, 'n_estimators': 400, 'subsample': 0.5}",0.10624411323287819,0.22977422518144008,-0.03552041116310378,-0.045838255654977234,0.12698521461727807,0.07632897724270307,0.10434704820153709,90,-0.9328588718562386,-0.8333135813433019,-0.9312109163079655,-0.9734391714055343,-1.0835810815928624,-0.9508807245011806,0.08081087795144341,90
0.20906319618225097,0.006800979705773499,0.006767940521240234,0.0005073605488680828,0.01,0.1,9,400,1.0,"{'gamma': 0.01, 'learning_rate': 0.1, 'max_depth': 9, 'n_estimators': 400, 'subsample': 1.0}",0.02906551638898658,0.09047048195015317,0.13682971757364615,-0.007466166627696724,0.12986488672826002,0.07575288720266984,0.05653355960823526,91,-0.9723026096623668,-0.9055404093616386,-0.8501919068703891,-0.9554144196396517,-1.0817924889594523,-0.9530483668986998,0.07718527117794925,93
0.176070499420166,0.013260218811098675,0.006778907775878906,0.0005863587138580018,0.01,0.1,9,200,1.0,"{'gamma': 0.01, 'learning_rate': 0.1, 'max_depth': 9, 'n_estimators': 200, 'subsample': 1.0}",0.02906550393889995,0.0904704635264807,0.13682970255423588,-0.007466158095447373,0.12986487438594596,0.07575287726202302,0.05653355258535812,92,-0.9723026158961817,-0.9055404185330725,-0.8501919142671805,-0.9554144155939406,-1.081792496631722,-0.9530483721844195,0.07718527092321369,94
0.17363691329956055,0.015224299124465521,0.007145881652832031,0.00027347627452927863,0.01,0.1,9,100,1.0,"{'gamma': 0.01, 'learning_rate': 0.1, 'max_depth': 9, 'n_estimators': 100, 'subsample': 1.0}",0.029066009476664045,0.09047036575247558,0.13682948725461397,-0.007466581170198161,0.12986376113356568,0.07575260848942422,0.05653332892022515,93,-0.9723023627710963,-0.9055404672056596,-0.8501920202983929,-0.9554146162020057,-1.0817931886550938,-0.9530485310264497,0.07718545613129076,95
0.14904413223266602,0.006733991959602757,0.007019233703613281,0.0009079859419464009,0.1,0.1,9,200,0.5,"{'gamma': 0.1, 'learning_rate': 0.1, 'max_depth': 9, 'n_estimators': 200, 'subsample': 0.5}",0.14665222567558212,0.13064876392256242,-0.028980402268639294,-0.025121149136456244,0.14944635595086142,0.07452915882878208,0.0831963297123689,94,-0.9115269608361493,-0.8853134742354101,-0.9282656465143001,-0.9637494721569212,-1.0695509290806928,-0.9516812965646946,0.06419383508935422,91
0.07926969528198242,0.0011280150299464028,0.007204771041870117,7.418412382932992e-05,0.1,0.1,3,200,0.5,"{'gamma': 0.1, 'learning_rate': 0.1, 'max_depth': 3, 'n_estimators': 200, 'subsample': 0.5}",0.0753240871094466,0.1252295017816485,0.018993516689706502,0.016628137290443212,0.1344630469550685,0.07412765796526266,0.05019792318554524,95,-0.9488580815867325,-0.8880685701617739,-0.9063682114964957,-0.943920558906672,-1.0789303793537672,-0.9532291603010883,0.06685567124866396,96
0.1933441638946533,0.002836676293833421,0.007108163833618164,0.0007479356037950318,0.1,0.1,9,400,0.5,"{'gamma': 0.1, 'learning_rate': 0.1, 'max_depth': 9, 'n_estimators': 400, 'subsample': 0.5}",0.14608215607505448,0.12695075004093415,-0.028756090018865255,-0.032022137358709735,0.1508514361571518,0.07262122297911308,0.08449350851923526,96,-0.9118313777873196,-0.8871944327978747,-0.9281644625150121,-0.9669879518965785,-1.0686671365022022,-0.9525690722997975,0.06358561602016315,92
1.1934367656707763,0.030715847536590003,0.010218238830566407,0.00041274625027957747,0.01,0.01,9,400,1.0,"{'gamma': 0.01, 'learning_rate': 0.01, 'max_depth': 9, 'n_estimators': 400, 'subsample': 1.0}",0.043396531044905484,0.038061369587985894,0.10257419991671535,0.031190027057720004,0.12379230786349338,0.06780288709416402,0.03785390081011586,97,-0.9651003303000913,-0.9312646526878599,-0.8668980020750825,-0.9369056475955986,-1.085560782164023,-0.9571458829645312,0.07180229074659085,97
0.10368080139160156,0.0011164288739707446,0.006933069229125977,0.0002724669636311845,0.1,0.1,9,100,1.0,"{'gamma': 0.1, 'learning_rate': 0.1, 'max_depth': 9, 'n_estimators': 100, 'subsample': 1.0}",0.03727458560963259,0.08061138190783212,0.06351844740711687,0.03871407439958219,0.09758450842090749,0.06354059954901425,0.0234804585627984,98,-0.9681835665116415,-0.9104351102339812,-0.8855607103869605,-0.933260421596388,-1.1016759928002964,-0.9598231603058535,0.07596287583316925,98
0.11920027732849121,0.0030999966028993904,0.0071599483489990234,0.0002876775212921891,0.1,0.1,9,200,1.0,"{'gamma': 0.1, 'learning_rate': 0.1, 'max_depth': 9, 'n_estimators': 200, 'subsample': 1.0}",0.037274193487662144,0.08061145273928783,0.06351851496522642,0.03871411148806869,0.09758419617919245,0.0635404937718875,0.023480458192527497,99,-0.9681837636841704,-0.9104350751631503,-0.8855606784446289,-0.9332604035927868,-1.1016761833938615,-0.9598232208557196,0.07596296342098209,99
0.14490113258361817,0.0014269094624186761,0.0068324565887451175,0.0003460973179780411,0.1,0.1,9,400,1.0,"{'gamma': 0.1, 'learning_rate': 0.1, 'max_depth': 9, 'n_estimators': 400, 'subsample': 1.0}",0.037274176081018795,0.08061145425342331,0.06351853577854516,0.0387141042582706,0.09758418246837042,0.06354049056792566,0.02348045985622124,100,-0.9681837724368335,-0.9104350744134553,-0.8855606686038274,-0.9332604071022965,-1.1016761917630002,-0.9598232228638827,0.07596296851549295,100
0.058096694946289065,0.0034444169762783824,0.006434202194213867,0.0009158216564656947,0.1,0.5,9,200,1.0,"{'gamma': 0.1, 'learning_rate': 0.5, 'max_depth': 9, 'n_estimators': 200, 'subsample': 1.0}",0.08562315382002428,0.16803898888033098,0.06542439131370414,-0.0745905140280898,0.056666203100232404,0.0602324446172404,0.07808180795384673,101,-0.9435590809677186,-0.8660658679026765,-0.8846590969568146,-0.986729375768115,-1.1263758012504972,-0.9614778445691645,0.09290276993794225,101
0.04170536994934082,0.0008115156253717409,0.006732797622680664,0.000416151952686377,0.1,0.5,9,100,1.0,"{'gamma': 0.1, 'learning_rate': 0.5, 'max_depth': 9, 'n_estimators': 100, 'subsample': 1.0}",0.08562315308602297,0.16803898962917807,0.06542439185916116,-0.07459051494318736,0.05666620326291327,0.06023244457881762,0.07808180843468035,102,-0.9435590813464321,-0.866065867512904,-0.8846590966986528,-0.9867293761882535,-1.1263758011533735,-0.9614778445799231,0.09290277003444784,102
0.09057888984680176,0.004140070663133769,0.0068166255950927734,0.00015341549193316703,0.1,0.5,9,400,1.0,"{'gamma': 0.1, 'learning_rate': 0.5, 'max_depth': 9, 'n_estimators': 400, 'subsample': 1.0}",0.08562315434142032,0.1680389878588423,0.06542439131370414,-0.0745905140280898,0.056666202819661615,0.06023244446110772,0.07808180770824799,103,-0.9435590806987004,-0.866065868434358,-0.8846590969568146,-0.986729375768115,-1.1263758014180032,-0.9614778446551983,0.09290276989857439,103
0.10222978591918945,0.004028625538805905,0.006983518600463867,0.000299893651366693,0.1,0.1,6,100,0.5,"{'gamma': 0.1, 'learning_rate': 0.1, 'max_depth': 6, 'n_estimators': 100, 'subsample': 0.5}",0.049801717514744714,0.1629678788058485,0.03132150137648293,-0.06221581685219135,0.07303962264154018,0.050982980697285,0.07242796390439056,104,-0.9618638638471381,-0.8687013538339189,-0.9006551912616085,-0.9810314684798487,-1.1165577745946156,-0.965761930403426,0.08561236283033416,105
0.14207382202148439,0.0016282954497314024,0.0072594165802001955,0.00013177568923866315,0.01,0.1,3,400,1.0,"{'gamma': 0.01, 'learning_rate': 0.1, 'max_depth': 3, 'n_estimators': 400, 'subsample': 1.0}",0.08986072027955261,0.1722240032971002,-0.12204067081551484,-0.0313368621160488,0.12267622717830706,0.04627668356467925,0.10766037351523264,105,-0.9413701379665569,-0.863884835574091,-0.96933306259848,-0.9666668527077498,-1.0862519355650373,-0.9655013648823829,0.071421251362002,104
0.13362793922424315,0.002435017910405967,0.007265329360961914,0.00033678968314231,0.1,0.1,6,200,0.5,"{'gamma': 0.1, 'learning_rate': 0.1, 'max_depth': 6, 'n_estimators': 200, 'subsample': 0.5}",0.03443224887380547,0.16292843456480854,0.019967140922258042,-0.0640827885550852,0.06620293796512444,0.04388959475418226,0.07346821273807368,106,-0.969611738812697,-0.86872182190262,-0.9059183260301875,-0.9818932302202732,-1.120667729125547,-0.969362569218265,0.08626014488645566,106
0.17521681785583496,0.0030020173600944604,0.007524442672729492,0.00016083544168407968,0.1,0.1,6,400,0.5,"{'gamma': 0.1, 'learning_rate': 0.1, 'max_depth': 6, 'n_estimators': 400, 'subsample': 0.5}",0.03605382206961305,0.16504460777807983,0.014279175888011308,-0.0728288475213017,0.06966759088366203,0.042443269819612904,0.07732264091765141,107,-0.9687972143595042,-0.8676230334152571,-0.9085434302628389,-0.9859202298260785,-1.1185867989766094,-0.9698941413680575,0.08554628508805019,107
0.04732427597045898,0.003687658906280423,0.005657386779785156,0.0008851720372395141,0.1,0.5,6,200,1.0,"{'gamma': 0.1, 'learning_rate': 0.5, 'max_depth': 6, 'n_estimators': 200, 'subsample': 1.0}",0.08424394604542129,-0.007855227974856938,0.06718012410761875,-0.03546821188173377,0.07926237697880767,0.0374726014550514,0.049379054843786685,108,-0.9442704253465128,-0.9532317792388305,-0.8838277275374273,-0.9686010642941674,-1.1128036957100997,-0.9725469384254076,0.07580404056983542,108
0.07788329124450684,0.0077594188913079915,0.00666513442993164,0.00039588577944745537,0.1,0.5,6,400,1.0,"{'gamma': 0.1, 'learning_rate': 0.5, 'max_depth': 6, 'n_estimators': 400, 'subsample': 1.0}",0.08424394616941056,-0.007855227974856938,0.06718012309451993,-0.03546821177450643,0.07926237668151304,0.03747260123921603,0.04937905466337563,109,-0.9442704252825879,-0.9532317792388305,-0.8838277280173726,-0.9686010642440159,-1.112803695889755,-0.9725469385345124,0.0758040405292649,109
0.03875718116760254,0.0027284942468072115,0.006750726699829101,0.00013131982793166436,0.1,0.5,6,100,1.0,"{'gamma': 0.1, 'learning_rate': 0.5, 'max_depth': 6, 'n_estimators': 100, 'subsample': 1.0}",0.08424394509237998,-0.007855228331866693,0.06718012496031467,-0.03546821545598289,0.0792623773025094,0.037472600713470895,0.04937905594212686,110,-0.9442704258378711,-0.9532317794076609,-0.8838277271334715,-0.9686010659658852,-1.1128036955144867,-0.972546938771875,0.07580404052933973,110
0.1488515853881836,0.00948207645538013,0.0069237232208251955,0.000666402872676667,0.01,0.1,3,400,0.8,"{'gamma': 0.01, 'learning_rate': 0.1, 'max_depth': 3, 'n_estimators': 400, 'subsample': 0.8}",0.033002337982171004,0.12312268425185813,-0.049707581306468684,-0.12477229343684537,0.15058003407569864,0.026445036313282745,0.10340692962532637,111,-0.9703294230259273,-0.8891373494876909,-0.9375682534819328,-1.0095058996891841,-1.068837904802351,-0.9750757660974173,0.06130501688803301,112
0.1394144058227539,0.0015023060406405715,0.007438945770263672,0.00025835046032424955,0.1,0.1,3,400,0.8,"{'gamma': 0.1, 'learning_rate': 0.1, 'max_depth': 3, 'n_estimators': 400, 'subsample': 0.8}",0.022646536797522043,0.1456189310884094,-0.06585497601771673,-0.12999349212847178,0.1597985994272294,0.02644311983339447,0.11401081003886375,112,-0.9755113273110259,-0.8776578559252852,-0.9447519241960912,-1.0118462526048406,-1.063022152850939,-0.9745579025776363,0.06244240391176499,111
0.14960479736328125,0.003173753836827222,0.007569789886474609,0.0004572743045176109,0.01,0.1,3,400,0.5,"{'gamma': 0.01, 'learning_rate': 0.1, 'max_depth': 3, 'n_estimators': 400, 'subsample': 0.5}",0.014124828518946475,0.10010657816725699,-0.09782123265538001,-0.05058526268973673,0.15667880670452705,0.024500743609122754,0.09369686912166184,113,-0.9797549204313389,-0.9007307196478018,-0.9588143817965018,-0.975645865845352,-1.064993903848343,-0.9759879583138675,0.05271612480707676,113
0.08476481437683106,0.0021645291331092256,0.007819414138793945,0.0016891204982838384,0.1,0.5,3,400,1.0,"{'gamma': 0.1, 'learning_rate': 0.5, 'max_depth': 3, 'n_estimators': 400, 'subsample': 1.0}",-0.010018922925215223,0.1096543422545988,-0.16166215414167473,-0.01253626606620628,0.1573784712756442,0.016563094079429352,0.11118683953968476,114,-0.9916792903380126,-0.8959396537376686,-0.9862991229422848,-0.9578154764261064,-1.0645520240967232,-0.9792571135081591,0.05455394586964241,114
0.04854950904846191,0.001021863772274638,0.006569051742553711,0.0003504056147607909,0.1,0.5,3,200,1.0,"{'gamma': 0.1, 'learning_rate': 0.5, 'max_depth': 3, 'n_estimators': 200, 'subsample': 1.0}",-0.010018923003043412,0.10965434425659581,-0.16166215414167473,-0.012536268218721114,0.157378469588486,0.016563093696328513,0.11118683956396141,115,-0.9916792903762199,-0.8959396527303809,-0.9862991229422848,-0.9578154774441993,-1.064552025162485,-0.9792571137311139,0.05455394643229188,115
0.03540019989013672,0.0009226672642357493,0.006649160385131836,0.0001778060226992236,0.1,0.5,3,100,1.0,"{'gamma': 0.1, 'learning_rate': 0.5, 'max_depth': 3, 'n_estimators': 100, 'subsample': 1.0}",-0.010018923122261825,0.10965434690259646,-0.1616621569373058,-0.012536271617125117,0.15737846581227777,0.0165630922076363,0.1111868401303663,116,-0.9916792904347469,-0.8959396513990683,-0.9862991241290878,-0.9578154790515708,-1.06455202754788,-0.9792571145124708,0.05455394749180635,116
0.14923858642578125,0.002083093811168039,0.007450771331787109,0.00035902372068830985,0.1,0.1,3,400,0.5,"{'gamma': 0.1, 'learning_rate': 0.1, 'max_depth': 3, 'n_estimators': 400, 'subsample': 0.5}",-0.036526444925418566,0.07528783292536967,-0.03879883486145497,-0.061130146138713926,0.13093231185066911,0.013952943770090265,0.07538505210761527,117,-1.0046081148559516,-0.9130671583164575,-0.9326838430471819,-0.9805299934474695,-1.0811287490313792,-0.9824035717396878,0.059199328221777155,117
0.10079984664916992,0.001606016185702259,0.006619644165039062,0.00014072484910475485,0.01,0.5,9,400,1.0,"{'gamma': 0.01, 'learning_rate': 0.5, 'max_depth': 9, 'n_estimators': 400, 'subsample': 1.0}",-0.00948299924834406,0.06464023331622148,0.08160458859059339,-0.09403566797028584,0.0006691342966511638,0.008679057796967227,0.06228020598403469,118,-0.9914161591639528,-0.9183088691510761,-0.8769676620836788,-0.995616985190445,-1.1593251708769705,-0.9883269692932245,0.09654688189726322,118
0.06962046623229981,0.0052353806180076325,0.006490755081176758,0.00018041859645317941,0.01,0.5,9,200,1.0,"{'gamma': 0.01, 'learning_rate': 0.5, 'max_depth': 9, 'n_estimators': 200, 'subsample': 1.0}",-0.009482999679646609,0.06464023292341203,0.08160458859059339,-0.09403566797028584,0.0006691342966511638,0.008679057632144827,0.06228020593859896,119,-0.9914161593757446,-0.9183088693439007,-0.8769676620836788,-0.995616985190445,-1.1593251708769705,-0.9883269693741479,0.09654688187065036,119
0.05307760238647461,0.0018532024580841604,0.006848573684692383,0.00020566915853281173,0.01,0.5,9,100,1.0,"{'gamma': 0.01, 'learning_rate': 0.5, 'max_depth': 9, 'n_estimators': 100, 'subsample': 1.0}",-0.009482999477688825,0.06464023221627568,0.08160458753003808,-0.09403566797028584,0.0006691342612281659,0.008679057311913452,0.062280205552286895,120,-0.9914161592765728,-0.9183088696910234,-0.8769676625900362,-0.995616985190445,-1.1593251708975176,-0.988326969529119,0.09654688171013699,120
0.09160294532775878,0.0021894621946042135,0.006848621368408203,0.00043894054172823846,0.01,0.5,6,400,1.0,"{'gamma': 0.01, 'learning_rate': 0.5, 'max_depth': 6, 'n_estimators': 400, 'subsample': 1.0}",0.04136380635218517,-0.037275900542391716,-0.07123268835965346,-0.0014102555032360353,0.06191336389151936,-0.0013283348323153365,0.04899180382460979,121,-0.9661251761604701,-0.9670447690310531,-0.9471322722904654,-0.9525385782219924,-1.1232387798352124,-0.9912159151078386,0.06645770120466658,121
0.06080284118652344,0.003433696190318778,0.006983041763305664,0.00021756643117875062,0.01,0.5,6,200,1.0,"{'gamma': 0.01, 'learning_rate': 0.5, 'max_depth': 6, 'n_estimators': 200, 'subsample': 1.0}",0.04136380558731023,-0.037275900542391716,-0.07123268799990101,-0.0014102555032360353,0.061913363278102485,-0.0013283350360232093,0.0489918034302747,122,-0.9661251765458952,-0.9670447690310531,-0.9471322721314275,-0.9525385782219924,-1.1232387802024566,-0.9912159152265648,0.06645770134257385,122
0.046165084838867186,0.0018798783373082757,0.006905937194824218,0.0008253405566117123,0.01,0.5,6,100,1.0,"{'gamma': 0.01, 'learning_rate': 0.5, 'max_depth': 6, 'n_estimators': 100, 'subsample': 1.0}",0.04136380506517279,-0.037275901261862865,-0.07123268793266524,-0.0014102555032360353,0.061913363030478896,-0.0013283353204224912,0.04899180336174022,123,-0.9661251768090034,-0.967044769366432,-0.9471322721017041,-0.9525385782219924,-1.1232387803507053,-0.9912159153699676,0.0664577013611555,123
0.04358730316162109,0.00022044242163197434,0.006453466415405273,0.00015235080778106506,0.1,0.5,6,100,0.8,"{'gamma': 0.1, 'learning_rate': 0.5, 'max_depth': 6, 'n_estimators': 100, 'subsample': 0.8}",-0.09306176979959058,0.038932588929319056,0.05379753409182075,-0.09545587787450982,-0.06458826142673857,-0.03207515721593983,0.06513033661223887,124,-1.0316415873680929,-0.9308428380627797,-0.8901450156436218,-0.996263000012,-1.1965792050222963,-1.009094329221758,0.10592056984595898,124
0.09409565925598144,0.005048806585966848,0.0066471099853515625,0.0002679342433504801,0.1,0.5,6,400,0.8,"{'gamma': 0.1, 'learning_rate': 0.5, 'max_depth': 6, 'n_estimators': 400, 'subsample': 0.8}",-0.09372333890943851,0.04549489033420784,0.04703352865539134,-0.1033246812392552,-0.0597904188406333,-0.032862003999945565,0.06620774807302005,125,-1.0319537375990473,-0.9276594326544461,-0.8933209869213119,-0.9998347413686446,-1.1938798132401922,-1.0093297423567285,0.10467931953554216,125
0.061769866943359376,0.0017101166783975875,0.0071910381317138675,0.00040037644411333967,0.1,0.5,6,200,0.8,"{'gamma': 0.1, 'learning_rate': 0.5, 'max_depth': 6, 'n_estimators': 200, 'subsample': 0.8}",-0.09652746454449024,0.03492069473249282,0.048548613822056774,-0.09385460762353137,-0.06208409454335073,-0.03379937163136455,0.0630001726824463,126,-1.0332757700732924,-0.9327836768487993,-0.8926105759059518,-0.9955345956391259,-1.1951710558412862,-1.0098751348616912,0.10467271737259357,126
0.0933049201965332,0.005264480173753461,0.006549310684204101,0.0007134934554517396,0.1,0.5,9,400,0.8,"{'gamma': 0.1, 'learning_rate': 0.5, 'max_depth': 9, 'n_estimators': 400, 'subsample': 0.8}",-0.13249353363309924,-0.059067656350940245,-0.07227001962538471,-0.07601545957157296,0.11142130624356072,-0.04568507258748729,0.08249110074463831,127,-1.0500847562488618,-0.9771501176219932,-0.9475907404623937,-0.9873833782944962,-1.0931973299847075,-1.0110812645224905,0.052930671185859805,127
0.04783163070678711,0.0010383777740488407,0.0066468238830566405,0.0002672846198909573,0.1,0.5,9,100,0.8,"{'gamma': 0.1, 'learning_rate': 0.5, 'max_depth': 9, 'n_estimators': 100, 'subsample': 0.8}",-0.1374565961023455,-0.06389180606491363,-0.05805457335932496,-0.07890191463534912,0.10792044855170912,-0.04607688832204482,0.08198017973111328,128,-1.0523831971101851,-0.9793730929633152,-0.9412885176468038,-0.9887068392869589,-1.0953487241986903,-1.0114200742411907,0.05510595430682817,128
0.06512327194213867,0.0009562575330495182,0.0066794872283935545,0.00017981746093648156,0.1,0.5,9,200,0.8,"{'gamma': 0.1, 'learning_rate': 0.5, 'max_depth': 9, 'n_estimators': 200, 'subsample': 0.8}",-0.12649013483929394,-0.06211067536958126,-0.07054980030441116,-0.07615869236189243,0.10484940618143734,-0.04609197933874829,0.07874764267148061,129,-1.0472977847835463,-0.9785529333475508,-0.946830335823557,-0.987449093414575,-1.097232509243502,-1.011472531322546,0.053810150598619835,129
0.045271110534667966,0.002371730856480643,0.007033252716064453,0.0005945386239811306,0.01,0.5,3,100,1.0,"{'gamma': 0.01, 'learning_rate': 0.5, 'max_depth': 3, 'n_estimators': 100, 'subsample': 1.0}",-0.06509506394994835,0.02313871679170665,-0.08578084552552845,-0.09101480816027663,-0.019918517754845988,-0.047734103719778556,0.0434023971431036,130,-1.0183584574269475,-0.9384602556678971,-0.9535419729422936,-0.9942414823336174,-1.1712061737355055,-1.015161668421252,0.0830395747507637,133
0.06276183128356934,0.0005854329327722373,0.007115936279296875,0.0004362460027414875,0.01,0.5,9,100,0.8,"{'gamma': 0.01, 'learning_rate': 0.5, 'max_depth': 9, 'n_estimators': 100, 'subsample': 0.8}",-0.0425084329368548,-0.017190772127104514,-0.10864242614693809,-0.11721471394939242,0.03261398094178636,-0.050588472843700695,0.056413933158371246,131,-1.007502835050423,-0.9576363925086703,-0.9635282974533594,-1.0061086430709971,-1.1406450438644056,-1.015084242389571,0.06612386089994546,131
0.11026077270507813,0.005184323526312974,0.00689849853515625,0.00028204116181098244,0.01,0.5,9,400,0.8,"{'gamma': 0.01, 'learning_rate': 0.5, 'max_depth': 9, 'n_estimators': 400, 'subsample': 0.8}",-0.04329587115257594,-0.019238618521404405,-0.1080224368210343,-0.11858691309872782,0.035807622646781945,-0.0506672433893921,0.057310902614994635,132,-1.0078832619403373,-0.9585998824672288,-0.9632588414109273,-1.00672632101079,-1.138760675578661,-1.0150457964815889,0.06525935459008811,130
0.0802126407623291,0.00822252723308173,0.006839609146118164,0.0002471528731813591,0.01,0.5,9,200,0.8,"{'gamma': 0.01, 'learning_rate': 0.5, 'max_depth': 9, 'n_estimators': 200, 'subsample': 0.8}",-0.04236363636868812,-0.018255328112932734,-0.10797502265226866,-0.11834959794653255,0.03331904166222377,-0.05072490868363966,0.05663610910757234,133,-1.0074328653436144,-0.9581373757014128,-0.9632382314465614,-1.0066195237292062,-1.140229299482238,-1.0151314591406064,0.06591270541651141,132
0.06400699615478515,0.0012614605165295692,0.006951189041137696,0.00036369578852958037,0.01,0.5,3,200,1.0,"{'gamma': 0.01, 'learning_rate': 0.5, 'max_depth': 3, 'n_estimators': 200, 'subsample': 1.0}",-0.08049708699278812,0.012205334275840918,-0.09145706461236358,-0.08197556543364803,-0.013851133098577773,-0.051115103172307316,0.04205050349596847,134,-1.0256951187427168,-0.943697434554618,-0.956031175872893,-0.9901141860608514,-1.1677172879873026,-1.0166510406436764,0.08075148015054927,134
0.09360170364379883,0.0031635284078835603,0.006880044937133789,0.0002605852028589407,0.01,0.5,3,400,1.0,"{'gamma': 0.01, 'learning_rate': 0.5, 'max_depth': 3, 'n_estimators': 400, 'subsample': 1.0}",-0.08049708739650208,0.01220533278181457,-0.09145706632186101,-0.08197556602704292,-0.013851133328079746,-0.051115104058334235,0.042050503476868964,135,-1.0256951189343357,-0.9436974352682829,-0.9560311766215862,-0.9901141863323588,-1.1677172881194686,-1.0166510410552063,0.08075147994508872,135
0.04690852165222168,0.007094907301540434,0.006674814224243164,0.00031791103461585493,0.1,0.5,3,100,0.8,"{'gamma': 0.1, 'learning_rate': 0.5, 'max_depth': 3, 'n_estimators': 100, 'subsample': 0.8}",-0.08672417480515104,-0.0193461689307175,-0.23962805885295024,-0.2108612778549852,0.08026421888354707,-0.09525909231205139,0.1190380723370526,136,-1.0286464999157108,-0.9586504570276251,-1.0188597962992922,-1.0474269693595089,-1.1121981177607068,-1.0331563680725686,0.04945120809596228,136
0.0718491554260254,0.0016708459306851995,0.0068186759948730465,0.00030147169443298983,0.01,0.5,6,200,0.8,"{'gamma': 0.01, 'learning_rate': 0.5, 'max_depth': 6, 'n_estimators': 200, 'subsample': 0.8}",-0.1560978517906204,-0.09375025966502792,-0.01710888709641778,-0.17341105628880915,-0.04986417337234372,-0.0980464456426438,0.0599010304621094,137,-1.0609716653318901,-0.9930212008304297,-0.9228953357575208,-1.0311020360794119,-1.1882755806462042,-1.0392531637290914,0.08766111277114245,139
0.10328822135925293,0.0023496696019733618,0.007116556167602539,0.00022701545553965483,0.01,0.5,6,400,0.8,"{'gamma': 0.01, 'learning_rate': 0.5, 'max_depth': 6, 'n_estimators': 400, 'subsample': 0.8}",-0.15708158542609474,-0.09466522043882697,-0.019301096066416168,-0.17251536457147498,-0.04690882101454896,-0.09809441750347236,0.0597629910990881,138,-1.061422964320146,-0.9934364626801276,-0.923889374092874,-1.0307084289723982,-1.1866019127517278,-1.0392118285634548,0.08681489722404237,138
0.058678388595581055,0.003400673321589213,0.006910943984985351,0.00015028660620872462,0.01,0.5,6,100,0.8,"{'gamma': 0.01, 'learning_rate': 0.5, 'max_depth': 6, 'n_estimators': 100, 'subsample': 0.8}",-0.15532120549923567,-0.09641584546538118,-0.019043024698518707,-0.1732185236633843,-0.04832342668048861,-0.09846440520140169,0.05940865925460082,139,-1.0606152343682334,-0.9942305136540276,-0.9237724093956645,-1.031017441288445,-1.187403323107075,-1.039407784362689,0.08698891770027983,140
0.06142754554748535,0.005060013237720704,0.006314659118652343,0.0008308132457498401,0.1,0.5,3,200,0.8,"{'gamma': 0.1, 'learning_rate': 0.5, 'max_depth': 3, 'n_estimators': 200, 'subsample': 0.8}",-0.0943155011494281,-0.02238825035466796,-0.2583087472215504,-0.23349442042766366,0.07038829770214772,-0.10762372429023248,0.12464339780023227,140,-1.03223305930884,-0.9600798635778061,-1.0265079906768118,-1.0571707807836872,-1.1181534434809957,-1.0388290275656282,0.051040235985871804,137
0.09062585830688477,0.004279953516997856,0.006932687759399414,0.0002868781457820892,0.1,0.5,3,400,0.8,"{'gamma': 0.1, 'learning_rate': 0.5, 'max_depth': 3, 'n_estimators': 400, 'subsample': 0.8}",-0.08736821814905915,-0.03321206694770429,-0.25740940655603106,-0.24483475942673394,0.06078967256882939,-0.11240695570213981,0.12284842268459659,141,-1.0289512666724914,-0.9651485687432306,-1.0261410912990596,-1.0620193012965917,-1.1239113168231305,-1.0412343089669007,0.051836708512719605,141
0.05085997581481934,0.011287374542231318,0.008397197723388672,0.0033164656013983775,0.01,0.5,3,100,0.8,"{'gamma': 0.01, 'learning_rate': 0.5, 'max_depth': 3, 'n_estimators': 100, 'subsample': 0.8}",-0.1329646148352892,0.044613088674201995,-0.314590422247355,-0.21622619611303562,0.013652871649059817,-0.1211030545744836,0.1358289143758022,142,-1.0503031344307698,-0.9280878341267861,-1.0492137139652693,-1.0497448027698453,-1.1517693222645589,-1.0458237615114458,0.07089871869696528,142
0.11158967018127441,0.002482840871037624,0.006563043594360352,0.0008005868199639836,0.01,0.5,3,400,0.8,"{'gamma': 0.01, 'learning_rate': 0.5, 'max_depth': 3, 'n_estimators': 400, 'subsample': 0.8}",-0.21021481813156773,0.03290265493505251,-0.3161220989351683,-0.21299194863277382,0.010856428484768199,-0.13911395645593783,0.13705911404700366,143,-1.085519730541861,-0.93375842138482,-1.0498247743844538,-1.048348107555301,-1.1534008866913423,-1.0541703841115555,0.07124787457846994,143
0.07275018692016602,0.004836710436521449,0.006781673431396485,0.00025411249430418414,0.01,0.5,3,200,0.8,"{'gamma': 0.01, 'learning_rate': 0.5, 'max_depth': 3, 'n_estimators': 200, 'subsample': 0.8}",-0.20629369493488614,0.029329899413111704,-0.30821989853361953,-0.21852398612943347,0.007959787371962679,-0.13914957856257296,0.13373100020544318,144,-1.0837597496349411,-0.9354816269725688,-1.0466683743097076,-1.0507359649941446,-1.155088480956422,-1.0543468393735569,0.07101398960417216,144
0.08678898811340333,0.0035572274714890024,0.007202625274658203,0.00027230065544482277,0.01,1.0,6,400,1.0,"{'gamma': 0.01, 'learning_rate': 1, 'max_depth': 6, 'n_estimators': 400, 'subsample': 1.0}",-0.30024833982857047,-0.11873220686295993,-0.30996889522047155,-0.09971371616805902,-0.13706052003026237,-0.19314473562206466,0.0922291552286857,145,-1.1251738817942962,-1.0042977891883726,-1.0473678010947927,-0.9981972690814628,-1.2366374796498938,-1.0823348441617637,0.08948306437983114,145
0.056363916397094725,0.0012832379916076647,0.006594371795654297,0.00019679141731952364,0.01,1.0,6,200,1.0,"{'gamma': 0.01, 'learning_rate': 1, 'max_depth': 6, 'n_estimators': 200, 'subsample': 1.0}",-0.30024833982857047,-0.11873220686295993,-0.30996889522047155,-0.09971371622084879,-0.13706052003026237,-0.19314473563262263,0.09222915521799017,146,-1.1251738817942962,-1.0042977891883726,-1.0473678010947927,-0.9981972691054211,-1.2366374796498938,-1.0823348441665552,0.08948306437532572,146
0.04019460678100586,0.001184115637116158,0.006702136993408203,0.00013458042659451265,0.01,1.0,6,100,1.0,"{'gamma': 0.01, 'learning_rate': 1, 'max_depth': 6, 'n_estimators': 100, 'subsample': 1.0}",-0.30024833982857047,-0.11873220686295993,-0.30996889522047155,-0.09971371641463689,-0.13706052003026237,-0.19314473567138024,0.09222915517872748,147,-1.1251738817942962,-1.0042977891883726,-1.0473678010947927,-0.9981972691933706,-1.2366374796498938,-1.0823348441841454,0.08948306435878658,147
0.03416008949279785,0.005388390639499455,0.0060350894927978516,0.0007476547538393944,0.1,1.0,9,100,1.0,"{'gamma': 0.1, 'learning_rate': 1, 'max_depth': 9, 'n_estimators': 100, 'subsample': 1.0}",-0.29313261917753786,-0.11363912314910873,-0.14401691513575599,-0.45155641120214485,-0.1304456499462754,-0.22655814372216457,0.12950502093332378,148,-1.1220908526464888,-1.0020091237180353,-0.9787796911371048,-1.146815398334451,-1.2330351524357477,-1.0965460436543655,0.094461595496371,148
0.04737920761108398,0.003818725888745965,0.006589841842651367,0.00027016153408285676,0.1,1.0,9,200,1.0,"{'gamma': 0.1, 'learning_rate': 1, 'max_depth': 9, 'n_estimators': 200, 'subsample': 1.0}",-0.2931326191394641,-0.11363912315974245,-0.14401691513575599,-0.4515564107924792,-0.13044565048232193,-0.22655814374195274,0.129505020705641,149,-1.12209085262997,-1.002009123722819,-0.9787796911371048,-1.1468153981726208,-1.2330351527280945,-1.0965460436781218,0.09446159556177926,149
0.07305545806884765,0.009171597251124911,0.0048983097076416016,0.0008998212698291857,0.1,1.0,9,400,1.0,"{'gamma': 0.1, 'learning_rate': 1, 'max_depth': 9, 'n_estimators': 400, 'subsample': 1.0}",-0.2931326191394641,-0.11363912315974245,-0.14401691513575599,-0.45155641063182594,-0.1304456510733336,-0.22655814382802442,0.12950502056209395,150,-1.12209085262997,-1.002009123722819,-0.9787796911371048,-1.146815398109158,-1.2330351530504178,-1.096546043729894,0.09446159564817075,150
0.07261133193969727,0.020183662682712548,0.009108161926269532,0.0032637373580989785,0.01,0.5,3,100,0.5,"{'gamma': 0.01, 'learning_rate': 0.5, 'max_depth': 3, 'n_estimators': 100, 'subsample': 0.5}",-0.36276456829306825,-0.2219679535928103,-0.2649641040094901,-0.29927574991507844,-0.03313613374813307,-0.23642170191171602,0.11159010083106229,151,-1.1519056415149613,-1.0496133465736992,-1.029219076971448,-1.0849937158593699,-1.1787708568831217,-1.0989005275605201,0.05773550344275231,151
0.05246686935424805,0.005858413184981703,0.006562948226928711,0.00023796768467507681,0.1,1.0,6,200,1.0,"{'gamma': 0.1, 'learning_rate': 1, 'max_depth': 6, 'n_estimators': 200, 'subsample': 1.0}",-0.23850670221097303,-0.3031733552796294,-0.2565328611700548,-0.17392297417616653,-0.2562931496591754,-0.24568580849919983,0.04180056514003914,152,-1.098134836676777,-1.0839282418939362,-1.02578336530977,-1.031326928292688,-1.299858595471893,-1.1078063935290128,0.10012456159170088,152
0.08477287292480469,0.0030897353429017653,0.006931114196777344,0.0002581441710467988,0.1,1.0,6,400,1.0,"{'gamma': 0.1, 'learning_rate': 1, 'max_depth': 6, 'n_estimators': 400, 'subsample': 1.0}",-0.23850670221097303,-0.3031733552796294,-0.2565328611700548,-0.17392297398601486,-0.25629314988959573,-0.24568580850725358,0.0418005652170236,153,-1.098134836676777,-1.0839282418939362,-1.02578336530977,-1.031326928209161,-1.2998585955910984,-1.1078063935361484,0.1001245616501915,154
0.03477210998535156,0.0013222075715088833,0.0068089008331298825,0.0002468563724113284,0.1,1.0,6,100,1.0,"{'gamma': 0.1, 'learning_rate': 1, 'max_depth': 6, 'n_estimators': 100, 'subsample': 1.0}",-0.23850670221097303,-0.3031733552796294,-0.2565328611700548,-0.17392297447829197,-0.25629314946925374,-0.2456858085216406,0.04180056502666296,154,-1.098134836676777,-1.0839282418939362,-1.02578336530977,-1.0313269284254012,-1.2998585953736392,-1.1078063935359048,0.10012456153373368,153
0.04200129508972168,0.0006859078252796922,0.006652450561523438,0.0004848854954987735,0.01,1.0,9,100,1.0,"{'gamma': 0.01, 'learning_rate': 1, 'max_depth': 9, 'n_estimators': 100, 'subsample': 1.0}",-0.30027110097345866,-0.12524472020520894,-0.26046206883844136,-0.3892906117980952,-0.23171302488484535,-0.2613963053400099,0.08635673387880856,155,-1.1251837299644059,-1.0072167235431209,-1.0273859377641008,-1.12194897706267,-1.2870795248066749,-1.1137629786281944,0.09904460305517007,156
0.05740175247192383,0.002403713547635293,0.00670933723449707,0.00035178042066701803,0.01,1.0,9,200,1.0,"{'gamma': 0.01, 'learning_rate': 1, 'max_depth': 9, 'n_estimators': 200, 'subsample': 1.0}",-0.30027110118652356,-0.12524472020520894,-0.26046206890009516,-0.3892906117980952,-0.23171302562509788,-0.26139630554300414,0.08635673384696885,156,-1.1251837300565932,-1.0072167235431209,-1.0273859377892274,-1.12194897706267,-1.2870795251934386,-1.11376297872901,0.09904460318827181,157
0.08599867820739746,0.0008843318319891223,0.006943845748901367,0.00020565282918847056,0.01,1.0,9,400,1.0,"{'gamma': 0.01, 'learning_rate': 1, 'max_depth': 9, 'n_estimators': 400, 'subsample': 1.0}",-0.30027110118652356,-0.12524472020520894,-0.2604620694424298,-0.3892906117980952,-0.23171302578055064,-0.2613963056825616,0.08635673383510871,157,-1.1251837300565932,-1.0072167235431209,-1.0273859380102524,-1.12194897706267,-1.2870795252746587,-1.1137629787894592,0.09904460317814569,158
0.1383047580718994,0.0023990007516526955,0.007251548767089844,0.000253531738656999,0.01,0.5,9,400,0.5,"{'gamma': 0.01, 'learning_rate': 0.5, 'max_depth': 9, 'n_estimators': 400, 'subsample': 0.5}",-0.3364557304726503,-0.22886306110061239,-0.5001189735051135,-0.1710779565979612,-0.111072148040672,-0.26951757394340187,0.13719024961450657,158,-1.1407324010298823,-1.0525704684643777,-1.12080891993099,-1.0300764530930937,-1.2224236542014157,-1.113322379343952,0.06830977187370992,155
0.1041682243347168,0.003260823771132414,0.0067732810974121095,0.0007319782665799264,0.01,0.5,9,200,0.5,"{'gamma': 0.01, 'learning_rate': 0.5, 'max_depth': 9, 'n_estimators': 200, 'subsample': 0.5}",-0.3327398714759804,-0.22785802943962352,-0.5033052924364063,-0.174228468358953,-0.1152468943858087,-0.2706757112193544,0.13657380691495757,159,-1.1391454606119735,-1.0521399554708766,-1.1219986123416088,-1.031461112514804,-1.2247180704007417,-1.1138926422680009,0.06869357834626043,159
0.08542079925537109,0.004070702763877828,0.006962108612060547,0.00018315435045163854,0.01,0.5,9,100,0.5,"{'gamma': 0.01, 'learning_rate': 0.5, 'max_depth': 9, 'n_estimators': 100, 'subsample': 0.5}",-0.3396443744335562,-0.23024054257458637,-0.5047421893223691,-0.16568440662221784,-0.12111524185701383,-0.27228535096194867,0.13751897969140225,160,-1.1420924245514532,-1.053160237284924,-1.1225347014712843,-1.0277016408431667,-1.2279360311768694,-1.1146850070655394,0.07069650909869446,160
0.08144154548645019,0.003079103405858865,0.006888437271118164,0.0003107575380882445,0.1,1.0,3,400,1.0,"{'gamma': 0.1, 'learning_rate': 1, 'max_depth': 3, 'n_estimators': 400, 'subsample': 1.0}",-0.22157281690056196,-0.27274355004565676,-0.33827390218728004,-0.44153559797480124,-0.1158400974877769,-0.27799319291921537,0.10943886521671321,161,-1.090601695537506,-1.0711983339662992,-1.0586227699322246,-1.142850025247876,-1.225043742671158,-1.1176633134710126,0.0608966966136034,162
0.051156473159790036,0.0026568285479535523,0.006906032562255859,0.0001038097601244804,0.1,1.0,3,200,1.0,"{'gamma': 0.1, 'learning_rate': 1, 'max_depth': 3, 'n_estimators': 200, 'subsample': 1.0}",-0.22157281690056196,-0.27274355032312303,-0.33827390218728004,-0.44153559797480124,-0.1158400974877769,-0.27799319297470865,0.10943886521405126,162,-1.090601695537506,-1.0711983340830633,-1.0586227699322246,-1.142850025247876,-1.225043742671158,-1.1176633134943654,0.06089669659578488,163
0.03232793807983399,0.0026379484980315923,0.006124639511108398,0.0005670749612266685,0.1,1.0,3,100,1.0,"{'gamma': 0.1, 'learning_rate': 1, 'max_depth': 3, 'n_estimators': 100, 'subsample': 1.0}",-0.22157281690056196,-0.2727435511199492,-0.33827390218728004,-0.44153559797480124,-0.11584009759246539,-0.2779931931550116,0.1094388651753838,163,-1.090601695537506,-1.0711983344183857,-1.0586227699322246,-1.142850025247876,-1.2250437427286252,-1.1176633135729233,0.0608966965648804,164
0.04968099594116211,0.007778640918769421,0.0068553447723388675,0.00032063427588617467,0.1,0.5,3,100,0.5,"{'gamma': 0.1, 'learning_rate': 0.5, 'max_depth': 3, 'n_estimators': 100, 'subsample': 0.5}",-0.3605090887033029,-0.4425863319813319,-0.3421401664751773,-0.21537534913983114,-0.03513716216905527,-0.2791496196937397,0.14206193587068902,164,-1.1509520007951346,-1.1404344887802131,-1.0601508441045528,-1.049377548530115,-1.1799118550907532,-1.1161653474601538,0.05188632647982155,161
0.058945846557617185,0.003691762613557301,0.006795644760131836,0.00019039242522015605,0.1,0.5,9,100,0.5,"{'gamma': 0.1, 'learning_rate': 0.5, 'max_depth': 9, 'n_estimators': 100, 'subsample': 0.5}",-0.2112302091049989,-0.36373432323730204,-0.3928452974940828,-0.19723895839035532,-0.2407149932404704,-0.2811527562934419,0.08106890861893785,165,-1.0859750198919331,-1.1088283512667385,-1.0799910780200814,-1.0415184715802561,-1.2917742696117533,-1.1216174380741524,0.08779053288242503,165
0.11297011375427246,0.0020638711481539844,0.00708460807800293,0.00037448511790175767,0.1,0.5,9,400,0.5,"{'gamma': 0.1, 'learning_rate': 0.5, 'max_depth': 9, 'n_estimators': 400, 'subsample': 0.5}",-0.21446819955774754,-0.3511390079542007,-0.3879776964660926,-0.22820667464484967,-0.24361623043679792,-0.28508156181193767,0.07055717418202714,166,-1.0874256234878086,-1.1036959587365303,-1.0781022944499496,-1.0549024064888592,-1.293283703787171,-1.1234819973900638,0.08635582973610678,166
0.08043904304504394,0.0018778341884018116,0.006504535675048828,0.0007844227928669545,0.1,0.5,9,200,0.5,"{'gamma': 0.1, 'learning_rate': 0.5, 'max_depth': 9, 'n_estimators': 200, 'subsample': 0.5}",-0.19788933633895267,-0.36992890545991863,-0.4013673882783988,-0.22550017817579548,-0.25056955774359957,-0.28905107319933304,0.08122337587366726,167,-1.0799778241749,-1.1113438507556053,-1.083289989483623,-1.0537394653025833,-1.2968941785316341,-1.1250490616496691,0.0878394809737482,167
0.07268176078796387,0.00208796053436802,0.006655550003051758,0.0011528428239603217,0.1,0.5,3,200,0.5,"{'gamma': 0.1, 'learning_rate': 0.5, 'max_depth': 3, 'n_estimators': 200, 'subsample': 0.5}",-0.41412498315827584,-0.4894066553822414,-0.3577849536304083,-0.27751393785380407,-0.01247188053504833,-0.31026048211195556,0.16424990030930164,168,-1.1734116238111179,-1.158793582058764,-1.0663118177463144,-1.0758689653423008,-1.1669227309047743,-1.1282617439726543,0.04700675123632316,168
0.1299806594848633,0.0032663113690689534,0.007649612426757812,0.0003122380322656133,0.01,0.5,3,400,0.5,"{'gamma': 0.01, 'learning_rate': 0.5, 'max_depth': 3, 'n_estimators': 400, 'subsample': 0.5}",-0.4729900924689949,-0.2825941303949897,-0.40690072755241413,-0.2870487095111167,-0.10758935412928272,-0.31142460281135964,0.125054617478205,169,-1.1975851479814383,-1.0753356901743465,-1.0854265832379344,-1.079876395384503,-1.2205062308894572,-1.1317460095335359,0.06361012388172683,170
0.07977476119995117,0.0014408077090850566,0.007043790817260742,0.00029460520101513973,0.01,0.5,3,200,0.5,"{'gamma': 0.01, 'learning_rate': 0.5, 'max_depth': 3, 'n_estimators': 200, 'subsample': 0.5}",-0.4707403797946148,-0.2626185559059604,-0.4233876997702375,-0.29880195656003816,-0.10685803586638509,-0.3124813255794472,0.12829692925859854,170,-1.1966702565593899,-1.0669290004076586,-1.0917679245530616,-1.0847958711424581,-1.2201032268881422,-1.1320532559101422,0.06328584542299329,171
0.10928134918212891,0.0026382472187250704,0.007241010665893555,0.00034949245955604173,0.1,0.5,3,400,0.5,"{'gamma': 0.1, 'learning_rate': 0.5, 'max_depth': 3, 'n_estimators': 400, 'subsample': 0.5}",-0.4176731868093968,-0.5047359614614677,-0.3692388634650936,-0.2754674870994982,-0.005668376256872554,-0.3145567750184658,0.1713074799611253,171,-1.1748828144945886,-1.164741597889379,-1.0707999327935305,-1.0750069022254969,-1.1629954386318941,-1.1296853372069777,0.046558647592244456,169
0.10950655937194824,0.002188714435444954,0.0070264339447021484,0.0006629048242809917,0.1,0.5,6,400,0.5,"{'gamma': 0.1, 'learning_rate': 0.5, 'max_depth': 6, 'n_estimators': 400, 'subsample': 0.5}",-0.42176566652000136,-0.21913989255449007,-0.603397070599472,-0.3412598920647052,-0.04395950031160578,-0.32590440441005486,0.18831831684792427,172,-1.176577393720843,-1.0483980569034068,-1.1587487255495934,-1.102384315246981,-1.1849293039310484,-1.1342075590703744,0.05166460423107114,172
0.07244725227355957,0.003473389334930001,0.006807708740234375,0.00021308814928522308,0.1,0.5,6,200,0.5,"{'gamma': 0.1, 'learning_rate': 0.5, 'max_depth': 6, 'n_estimators': 200, 'subsample': 0.5}",-0.41252458073582976,-0.23409596670285593,-0.6065860931932472,-0.334309594423837,-0.06297335672528193,-0.3300979183562104,0.18101354085196328,173,-1.1727474454483733,-1.0548091843975536,-1.1599004802709731,-1.0995243733432558,-1.1956712977947108,-1.1365305562509733,0.05177505946531557,173
0.05685091018676758,0.0003262119288138642,0.007026290893554688,0.00021889565905054389,0.1,0.5,6,100,0.5,"{'gamma': 0.1, 'learning_rate': 0.5, 'max_depth': 6, 'n_estimators': 100, 'subsample': 0.5}",-0.39969674099803476,-0.2461954310544452,-0.6221093467501762,-0.33778874763245037,-0.0558027051997525,-0.3323185943269718,0.185702263641509,174,-1.167410148114638,-1.059967412236537,-1.1654906397109026,-1.1009569206935612,-1.1916315679097294,-1.1370913377330736,0.04889618247324528,174
0.04147615432739258,0.0011197075345479818,0.006677436828613281,0.0003508875297578886,0.01,1.0,3,100,1.0,"{'gamma': 0.01, 'learning_rate': 1, 'max_depth': 3, 'n_estimators': 100, 'subsample': 1.0}",-0.3460837537648762,-0.4064630938645899,-0.47561922698645365,-0.3514332979259678,-0.1609163295441438,-0.34810314041720625,0.10461386766258955,175,-1.144834028950366,-1.1260653794891753,-1.111618790251553,-1.106557189217219,-1.2495426220521457,-1.1477236019920918,0.05261705436816075,175
0.05514349937438965,0.0036150001318461587,0.0065785408020019535,0.00013214658977467615,0.01,1.0,3,200,1.0,"{'gamma': 0.01, 'learning_rate': 1, 'max_depth': 3, 'n_estimators': 200, 'subsample': 1.0}",-0.34608375377811695,-0.4064630938645899,-0.47561922868077433,-0.3514332979259678,-0.1609163306550061,-0.348103140980891,0.10461386767805143,176,-1.1448340289559966,-1.1260653794891753,-1.111618790889739,-1.106557189217219,-1.2495426226499793,-1.1477236022404218,0.052617054511889715,176
0.0907066822052002,0.004879683824471092,0.007106304168701172,0.0003801297554995881,0.01,1.0,3,400,1.0,"{'gamma': 0.01, 'learning_rate': 1, 'max_depth': 3, 'n_estimators': 400, 'subsample': 1.0}",-0.34608375377811695,-0.4064630938645899,-0.47561922868077433,-0.3514332979259678,-0.16091633078316003,-0.3481031410065218,0.10461386763218998,177,-1.1448340289559966,-1.1260653794891753,-1.111618790889739,-1.106557189217219,-1.2495426227189481,-1.1477236022542157,0.05261705453858197,177
0.09564032554626464,0.002857961783690226,0.0070192813873291016,0.0001266700656377741,0.01,0.5,6,200,0.5,"{'gamma': 0.01, 'learning_rate': 0.5, 'max_depth': 6, 'n_estimators': 200, 'subsample': 0.5}",-0.468273055947086,-0.2701119958226508,-0.5593861277010337,-0.33131521036848,-0.2596811188400385,-0.3777535017358578,0.1173614049103762,178,-1.195666064230117,-1.0700903436244833,-1.142735080317647,-1.098289934388454,-1.3016101435736878,-1.161678313226878,0.0818552053117853,178
0.07392311096191406,0.00213880739544901,0.006726217269897461,0.000428985334955516,0.01,0.5,6,100,0.5,"{'gamma': 0.01, 'learning_rate': 0.5, 'max_depth': 6, 'n_estimators': 100, 'subsample': 0.5}",-0.47056177951919476,-0.27175053677833194,-0.5609845903980639,-0.33260511334388565,-0.2632202656029352,-0.3798244571284823,0.11709691006129386,179,-1.1965975951538776,-1.070780370064667,-1.1433206157112417,-1.098821868694632,-1.303437335461814,-1.1625915570172467,0.0822935967285798,179
0.13032493591308594,0.0015606364487293052,0.0072806358337402345,0.0002734790764007109,0.01,0.5,6,400,0.5,"{'gamma': 0.01, 'learning_rate': 0.5, 'max_depth': 6, 'n_estimators': 400, 'subsample': 0.5}",-0.46682406980146385,-0.2672304318843244,-0.5667084226903554,-0.33490833967325373,-0.26446370118516893,-0.38002699304691323,0.11874116407138306,180,-1.1950759385711578,-1.0688757717276571,-1.1454148668057484,-1.0997710406687198,-1.3040786890576124,-1.162643261366179,0.08258079024157039,180
0.04595003128051758,0.0008876786449193328,0.006882810592651367,0.0002310311511055665,0.01,1.0,3,100,0.8,"{'gamma': 0.01, 'learning_rate': 1, 'max_depth': 3, 'n_estimators': 100, 'subsample': 0.8}",-0.4937233114939339,-0.5429830411553256,-0.5035379381458451,-0.4794851597971235,-0.15667415151340447,-0.43528072042112653,0.1408900470675163,181,-1.2059840609464865,-1.1794512976226983,-1.1220854270645813,-1.1577955155252977,-1.2472575161087645,-1.1825147634535658,0.04246071757196898,181
0.09763331413269043,0.004801252879175762,0.007137203216552734,0.00010388459732585703,0.01,1.0,3,400,0.8,"{'gamma': 0.01, 'learning_rate': 1, 'max_depth': 3, 'n_estimators': 400, 'subsample': 0.8}",-0.5072313750121094,-0.5619551321839638,-0.5301897832887166,-0.47044610168687884,-0.17466595610933933,-0.4488976696562016,0.14032860463243904,182,-1.2114247758080783,-1.1866802470505726,-1.13198683377266,-1.1542532647943968,-1.2569204889310224,-1.188253122071346,0.043764122835791286,182
0.06970844268798829,0.0012054034381580223,0.006780290603637695,0.0002510716132861238,0.01,1.0,3,200,0.8,"{'gamma': 0.01, 'learning_rate': 1, 'max_depth': 3, 'n_estimators': 200, 'subsample': 0.8}",-0.509473626543476,-0.5601355095176783,-0.5324930044705005,-0.47422381093264687,-0.17357674476825902,-0.4499805392465122,0.1410451315380504,183,-1.2123255365051375,-1.1859888252941704,-1.1328384391527564,-1.1557350043257166,-1.2563376127714043,-1.188645083609837,0.04323783747113593,183
0.0496678352355957,0.0015244259846065977,0.006296873092651367,0.0008627909249947121,0.01,1.0,9,100,0.8,"{'gamma': 0.01, 'learning_rate': 1, 'max_depth': 9, 'n_estimators': 100, 'subsample': 0.8}",-0.45772564467489985,-0.5308682302697194,-0.36567108696767425,-0.5889656417661431,-0.4305559567217836,-0.47475731208004407,0.0778917450429125,184,-1.1913637610423438,-1.1748119117516955,-1.0694039503843975,-1.1998689357734862,-1.3870848859065874,-1.204506688971702,0.1026290144873398,184
0.07212600708007813,0.009889445115777752,0.006820011138916016,0.00016332347187675652,0.01,1.0,9,200,0.8,"{'gamma': 0.01, 'learning_rate': 1, 'max_depth': 9, 'n_estimators': 200, 'subsample': 0.8}",-0.4588089972909062,-0.5299292102921245,-0.3707561935324404,-0.5924353828018829,-0.4327923808019518,-0.47694443294386113,0.07707111787656216,185,-1.191806377710789,-1.1744515472690078,-1.0713930751245482,-1.2011782668544733,-1.3881686948169014,-1.205399592355144,0.10249162701699491,185
0.09592599868774414,0.0075154357909169136,0.0068648338317871095,0.00013253554784224393,0.01,1.0,9,400,0.8,"{'gamma': 0.01, 'learning_rate': 1, 'max_depth': 9, 'n_estimators': 400, 'subsample': 0.8}",-0.4561053959976886,-0.5353820007425549,-0.3765248970766837,-0.5929047955093631,-0.4353944099165119,-0.4792622998485605,0.07626223906994424,186,-1.190701482018,-1.1765426055212076,-1.0736451386699277,-1.2013552934397578,-1.3894286180874427,-1.206334627547267,0.10226110053598107,186
0.04127998352050781,0.0011169338303267634,0.006679248809814453,0.0004593657087079708,0.1,1.0,6,100,0.8,"{'gamma': 0.1, 'learning_rate': 1, 'max_depth': 6, 'n_estimators': 100, 'subsample': 0.8}",-0.4193480366558324,-0.9137243895637959,-0.5568612489417051,-0.46614250832302506,-0.18487621037016755,-0.5081904787709052,0.23707371181269976,187,-1.175576617369405,-1.3135273863792787,-1.141809576253365,-1.152562935378273,-1.262371277280896,-1.2091695585322435,0.06721776819299867,187
0.09144582748413085,0.003532716453141979,0.0069334983825683595,0.0006182294694699518,0.1,1.0,6,400,0.8,"{'gamma': 0.1, 'learning_rate': 1, 'max_depth': 6, 'n_estimators': 400, 'subsample': 0.8}",-0.4324299692113034,-0.9169051363645082,-0.5531305532952715,-0.4605884819950219,-0.1795411376611531,-0.5085190557054516,0.23878137956455403,188,-1.1809817540592673,-1.3146185214097392,-1.1404407005816046,-1.1503778003187686,-1.25952606832485,-1.209188968938846,0.06727546214876631,188
0.05844578742980957,0.0012092418154233818,0.006741619110107422,0.00024044111685354272,0.1,1.0,6,200,0.8,"{'gamma': 0.1, 'learning_rate': 1, 'max_depth': 6, 'n_estimators': 200, 'subsample': 0.8}",-0.42620701208834855,-0.9181245545028214,-0.5613174109288328,-0.4603602672033733,-0.1893674242857566,-0.5110753338018265,0.23726945165489427,189,-1.1784136710782236,-1.3150365949953415,-1.1434424940102912,-1.1502879243923314,-1.2647614919681074,-1.210388435288859,0.06785850371563029,189
0.04768085479736328,0.0015487755533865639,0.006865835189819336,0.00031017751711598656,0.01,1.0,6,100,0.8,"{'gamma': 0.01, 'learning_rate': 1, 'max_depth': 6, 'n_estimators': 100, 'subsample': 0.8}",-0.3937483511537774,-0.7067940169342424,-0.5805123422505298,-0.6375620528814088,-0.23988480850220628,-0.5117003143444329,0.17113395924777516,190,-1.1649268944177384,-1.2404806438447529,-1.1504497985676663,-1.2180789537050634,-1.2913420225839412,-1.2130556626238325,0.05126790369678364,191
0.0966670036315918,0.002757573277710279,0.007043600082397461,0.0002381884417845967,0.01,1.0,6,400,0.8,"{'gamma': 0.01, 'learning_rate': 1, 'max_depth': 6, 'n_estimators': 400, 'subsample': 0.8}",-0.39420691767958727,-0.7066973067716036,-0.5825208986251433,-0.6365827279865008,-0.23876474067407805,-0.5117545183473826,0.17142550008374519,191,-1.1651185188762303,-1.2404454993624474,-1.151180577297675,-1.2177146702741481,-1.29075861457427,-1.2130435760769542,0.050864827641583794,190
0.06605253219604493,0.0019157304926346267,0.006742954254150391,0.0004966062243368966,0.01,1.0,6,200,0.8,"{'gamma': 0.01, 'learning_rate': 1, 'max_depth': 6, 'n_estimators': 200, 'subsample': 0.8}",-0.3939408520034038,-0.710846802447169,-0.581712174740497,-0.6337922739736221,-0.24061856424565664,-0.5121821334820698,0.1713586159986847,192,-1.1650073399565948,-1.241952532390402,-1.1508863928096777,-1.2166760956895624,-1.2917240699625907,-1.2132492861617656,0.05140102508918328,192
0.04421896934509277,0.003134104083830865,0.00610966682434082,0.0008765017136979835,0.1,1.0,9,100,0.8,"{'gamma': 0.1, 'learning_rate': 1, 'max_depth': 9, 'n_estimators': 100, 'subsample': 0.8}",-0.6747327989490421,-0.5305181304679838,-0.5998165297580416,-0.7050732246786084,-0.2977968675640277,-0.5615875102835407,0.14519109756534074,193,-1.2769657571872894,-1.1746775680742192,-1.1574542034212782,-1.2429340160352562,-1.3211556163092775,-1.234637432205464,0.061479025190421574,193
0.08016624450683593,0.008087210360675988,0.004571533203125,0.0001343641826665728,0.1,1.0,9,400,0.8,"{'gamma': 0.1, 'learning_rate': 1, 'max_depth': 9, 'n_estimators': 400, 'subsample': 0.8}",-0.6599571657896637,-0.523151882331619,-0.5954869029876615,-0.7333088016596512,-0.29858440788356577,-0.5620978321304323,0.14897018969452494,194,-1.2713201465152248,-1.1718473490474763,-1.1558869174883033,-1.2531830946023732,-1.3215564130535005,-1.2347587841413756,0.062271400874359645,194
0.0564478874206543,0.005230284853774474,0.0068245410919189455,0.00018387977230599795,0.1,1.0,9,200,0.8,"{'gamma': 0.1, 'learning_rate': 1, 'max_depth': 9, 'n_estimators': 200, 'subsample': 0.8}",-0.6738212707965361,-0.5304425272749149,-0.5981955830293968,-0.7388719732558702,-0.29882246148297176,-0.5680307631679379,0.1517723638213183,195,-1.2766181946787332,-1.1746485548694867,-1.156867683952151,-1.255192571371848,-1.3216775398906766,-1.237000908952579,0.0622571241635585,195
0.04161038398742676,0.003620159163095131,0.006752634048461914,0.0002633796824203417,0.1,1.0,3,100,0.8,"{'gamma': 0.1, 'learning_rate': 1, 'max_depth': 3, 'n_estimators': 100, 'subsample': 0.8}",-0.5842515808751152,-0.4421272698449741,-0.8284789016243814,-0.7040081726325678,-0.30515997835984066,-0.5728051806673757,0.18516207357959877,196,-1.2419913270344407,-1.1402530188960618,-1.2374102334332755,-1.2425457640281568,-1.3248981343505746,-1.237419695548502,0.05855086128992602,196
0.06010899543762207,0.0008036426450573056,0.007141256332397461,0.00032388921690432377,0.1,1.0,3,200,0.8,"{'gamma': 0.1, 'learning_rate': 1, 'max_depth': 3, 'n_estimators': 200, 'subsample': 0.8}",-0.5871305798324318,-0.43996007178049723,-0.858950477629727,-0.7151831765270602,-0.3070692775576924,-0.5816587166654819,0.1950524593017312,197,-1.2431193261355882,-1.139395922825237,-1.2476783430644496,-1.2466134565652078,-1.3258668671207712,-1.2405347831422506,0.05933851060444825,197
0.09427762031555176,0.0022216911427381356,0.006904458999633789,0.00019803028235276012,0.1,1.0,3,400,0.8,"{'gamma': 0.1, 'learning_rate': 1, 'max_depth': 3, 'n_estimators': 400, 'subsample': 0.8}",-0.6009899362383178,-0.4635586802174885,-0.8677325645665603,-0.7191439750342048,-0.30529846587771425,-0.5913447243868571,0.1954316514121597,198,-1.2485351959308653,-1.1486944058185529,-1.2506220226338896,-1.2480520018862016,-1.3249684234301329,-1.2441744099399286,0.05607089741761784,198
0.06461338996887207,0.0015779272395708825,0.00693669319152832,0.0001610401712006354,0.1,1.0,6,100,0.5,"{'gamma': 0.1, 'learning_rate': 1, 'max_depth': 6, 'n_estimators': 100, 'subsample': 0.5}",-1.7140614995483703,-2.0472928445796046,-1.740836138066074,-1.2681252522787894,-1.1414222866358839,-1.5823476042217444,0.3322023673192054,199,-1.6256098822316511,-1.6575114305877516,-1.5149917313552386,-1.4335408510612233,-1.6970778831778808,-1.585746355682749,0.09726948981078842,199
0.08352890014648437,0.0034983175208550907,0.0065978050231933595,0.0009002581036090375,0.1,1.0,6,200,0.5,"{'gamma': 0.1, 'learning_rate': 1, 'max_depth': 6, 'n_estimators': 200, 'subsample': 0.5}",-1.7215942310860508,-2.0328108659489805,-1.7719874107826419,-1.3247871908558038,-1.1525829480081429,-1.600752529336324,0.3186255951466377,200,-1.6278642154642506,-1.6535681547743435,-1.523576808677724,-1.451336636758821,-1.7014945499099257,-1.591568073117013,0.09114046100173549,203
0.11810812950134278,0.005204153990435038,0.006572198867797851,0.000947272886695907,0.1,1.0,6,400,0.5,"{'gamma': 0.1, 'learning_rate': 1, 'max_depth': 6, 'n_estimators': 400, 'subsample': 0.5}",-1.6623442621650426,-2.087102867581447,-1.7683791053239268,-1.351412610862484,-1.172117531216562,-1.6082712754298925,0.32063828869456285,201,-1.610047151153199,-1.6683032149631032,-1.5225848632060328,-1.4596239404950173,-1.7091976023892255,-1.5939513544413155,0.09187600525670303,204
0.14157648086547853,0.004978847304549916,0.007108306884765625,9.071939407533655e-05,0.01,1.0,9,400,0.5,"{'gamma': 0.01, 'learning_rate': 1, 'max_depth': 9, 'n_estimators': 400, 'subsample': 0.5}",-2.2986329191458035,-1.5524222160359882,-1.7741504661185674,-1.9707965515457655,-0.6014043458371701,-1.639481299736659,0.574033010217543,202,-1.7921463947857248,-1.5169654661594347,-1.524171136465124,-1.6406389280994937,-1.4675777402580539,-1.588299933153566,0.1166770816531221,200
0.08590478897094726,0.005054022344627918,0.006996822357177734,0.0004354018969688644,0.01,1.0,9,100,0.5,"{'gamma': 0.01, 'learning_rate': 1, 'max_depth': 9, 'n_estimators': 100, 'subsample': 0.5}",-2.2918404977565583,-1.563131359082277,-1.780234955022625,-1.979617030215259,-0.5963967750019028,-1.6422441234157243,0.5753073792454586,203,-1.790300283560746,-1.5201444848198822,-1.5258416880516814,-1.6430727021476357,-1.465281395313554,-1.5889281107786997,0.11617399272068137,201
0.10170788764953613,0.011420111364069407,0.007234764099121094,0.00019041901902046697,0.01,1.0,9,200,0.5,"{'gamma': 0.01, 'learning_rate': 1, 'max_depth': 9, 'n_estimators': 200, 'subsample': 0.5}",-2.307158103024003,-1.558971610243717,-1.778679820578303,-1.9646658938328323,-0.6068528500060579,-1.643265655536983,0.5733489828439846,204,-1.7944607654772267,-1.5189104499522355,-1.5254148858357,-1.6389452089215513,-1.4700722113324842,-1.5895607043038396,0.11645300235258349,202
0.0832634449005127,0.003342433005425151,0.005654478073120117,0.0011579063094477075,0.1,1.0,9,200,0.5,"{'gamma': 0.1, 'learning_rate': 1, 'max_depth': 9, 'n_estimators': 200, 'subsample': 0.5}",-2.4782956352763077,-1.3955257989170082,-1.5685626952644518,-2.1136328044382022,-1.1677271261084448,-1.7447488120008827,0.4816884114035044,205,-1.840304696427368,-1.469602433163536,-1.4666071973771648,-1.6796169688024514,-1.7074693658816187,-1.6327201323304277,0.1449682747218704,206
0.07009625434875488,0.006419842883217146,0.006216239929199219,0.0008229840166468744,0.1,1.0,9,100,0.5,"{'gamma': 0.1, 'learning_rate': 1, 'max_depth': 9, 'n_estimators': 100, 'subsample': 0.5}",-2.480599852846394,-1.4078761504266493,-1.592877567187727,-2.1071290446120723,-1.1799633235864322,-1.7536891877318552,0.47495836633340033,206,-1.8409141558887019,-1.4733858975527494,-1.4735325432327386,-1.677861858864683,-1.7122816716756772,-1.6355952254429102,0.14310787648187517,208
0.10419645309448242,0.010378965863184614,0.004635334014892578,8.66103523757426e-05,0.1,1.0,9,400,0.5,"{'gamma': 0.1, 'learning_rate': 1, 'max_depth': 9, 'n_estimators': 400, 'subsample': 0.5}",-2.483220312474689,-1.4149989726567398,-1.5396449418390823,-2.138648818690514,-1.2050364640480993,-1.756309901941825,0.47789560594643615,207,-1.8416070154235749,-1.4755635253600992,-1.458328047440812,-1.6863507853022273,-1.7221005377601621,-1.636789982257375,0.14800460380391503,209
0.048016595840454104,0.009271061874883036,0.006845426559448242,0.00044727105321118845,0.1,1.0,3,100,0.5,"{'gamma': 0.1, 'learning_rate': 1, 'max_depth': 3, 'n_estimators': 100, 'subsample': 0.5}",-1.6340184098830268,-1.4643071277240702,-2.9471259697041106,-1.8707162342207044,-0.904072234370392,-1.764047995180461,0.671916988456151,208,-1.601459247342487,-1.490551042868293,-1.8180642205558384,-1.6127672252693293,-1.600266539662435,-1.6246216551396764,0.10645670620682735,205
0.04570150375366211,0.0005443688363347795,0.00694742202758789,0.0002293508710743653,0.01,1.0,3,100,0.5,"{'gamma': 0.01, 'learning_rate': 1, 'max_depth': 3, 'n_estimators': 100, 'subsample': 0.5}",-1.7500713461757833,-2.1937041320079653,-2.3759574886898625,-1.8198536055825296,-0.8057902057390598,-1.78907535563904,0.5435942207562029,209,-1.636358546434029,-1.6968629852562231,-1.6813851646255835,-1.5984160714933442,-1.5584190957663089,-1.6342883727150976,0.05134383067484226,207
0.07749428749084472,0.0014396271389994478,0.006762075424194336,0.0001480563174418629,0.1,1.0,3,200,0.5,"{'gamma': 0.1, 'learning_rate': 1, 'max_depth': 3, 'n_estimators': 200, 'subsample': 0.5}",-1.7070603758371354,-1.7165600795942124,-2.9942846035097053,-1.9375822860822742,-1.0891507915124965,-1.8889276273071647,0.6207431959185244,210,-1.6235118374799997,-1.5649810866690128,-1.8288927138836841,-1.631441767721845,-1.6762373307663672,-1.665012947304182,0.08926175444789392,210
0.11726293563842774,0.0026127419590752095,0.006779670715332031,0.0009535437136867298,0.1,1.0,3,400,0.5,"{'gamma': 0.1, 'learning_rate': 1, 'max_depth': 3, 'n_estimators': 400, 'subsample': 0.5}",-1.7282129896341485,-1.7417951775710123,-3.1041657069997326,-1.9679901774329318,-1.041780790280331,-1.9167889683836314,0.6699713608127846,211,-1.629842448905332,-1.572233118384392,-1.8538780832808262,-1.6398638271450827,-1.65712462603572,-1.670588420750271,0.09597330309618023,211
0.08199734687805176,0.002095100381260459,0.006860160827636718,0.0005154101852258884,0.01,1.0,6,100,0.5,"{'gamma': 0.01, 'learning_rate': 1, 'max_depth': 6, 'n_estimators': 100, 'subsample': 0.5}",-1.7999083113758076,-2.0961394018027533,-3.0269838938286133,-1.7668150955385409,-1.137861063148934,-1.9655415531389298,0.6157429999475191,212,-1.6511190699448381,-1.6707431503192922,-1.836363588215788,-1.583312442527187,-1.6956661605974588,-1.6874408823209126,0.08329039298254563,212
0.10392541885375976,0.0030447637513741125,0.0070838451385498045,0.00024169790435864705,0.01,1.0,6,200,0.5,"{'gamma': 0.01, 'learning_rate': 1, 'max_depth': 6, 'n_estimators': 200, 'subsample': 0.5}",-1.8279380254959334,-2.094421580930773,-3.011497465802428,-1.7813717276986147,-1.1251098961001094,-1.9680677392055717,0.6115195091400882,213,-1.6593631156381712,-1.670279599540941,-1.8328291679866415,-1.5874720016511017,-1.690601739017641,-1.6881091247668993,0.08027721917824915,213
0.14245948791503907,0.0024352893372979263,0.0073378562927246095,0.0003152252629850374,0.01,1.0,6,400,0.5,"{'gamma': 0.01, 'learning_rate': 1, 'max_depth': 6, 'n_estimators': 400, 'subsample': 0.5}",-1.8177340265800916,-2.098029106250071,-3.016476270436436,-1.801016180953265,-1.1315205609066799,-1.9729552290253085,0.6109416661653001,214,-1.6563666848670693,-1.67125293504699,-1.8339662083013395,-1.5930681880442024,-1.6931497766350696,-1.6895607585789343,0.07951560106117933,214
0.08281035423278808,0.005012891846571483,0.0068973064422607425,0.00019110474484730996,0.01,1.0,3,200,0.5,"{'gamma': 0.01, 'learning_rate': 1, 'max_depth': 3, 'n_estimators': 200, 'subsample': 0.5}",-1.9454846295503634,-2.524203745122794,-2.7981125955011894,-2.1141765169244486,-0.9601640872625088,-2.068428314872261,0.6301790282400698,215,-1.693498705224559,-1.7825016491377064,-1.7834159409702988,-1.6797636124356539,-1.6236664936396186,-1.712569280281567,0.06205383097456689,215
0.13503117561340333,0.006079084308696251,0.007714414596557617,0.0007080258799274189,0.01,1.0,3,400,0.5,"{'gamma': 0.01, 'learning_rate': 1, 'max_depth': 3, 'n_estimators': 400, 'subsample': 0.5}",-1.9733341911792341,-2.5261705146420494,-2.8096214881268593,-2.0978671943365903,-0.9966018685174123,-2.0807190513604295,0.6191706390976435,216,-1.70148588634939,-1.7829989644436557,-1.7861159158850937,-1.675359274803121,-1.6386882932356361,-1.7169296669433796,0.05872002986410983,216
